SYS: ----------------------------
SYS: Crazyflie 2.1 is up and running!
SYS: Build 36:439ad71e9db6 (2025.02 +36) CLEAN
SYS: I am 0x373732373433510D003B0047 and I have 1024KB of flash!
CFGBLK: v1, verification [OK]
DECK_CORE: 1 deck(s) found
DECK_CORE: Calling INIT on driver bcFlow2 for deck 0
ZR2: Z-down sensor [OK]
PMW: Motion chip id: 0x49:0xB6
IMU: BMI088: Using I2C interface.
IMU: BMI088 Gyro connection [OK].
IMU: BMI088 Accel connection [OK]
IMU: BMP388 I2C connection [OK]
ESTIMATOR: Using Kalman (2) estimator
CONTROLLER: Controller type forced
BackpropTools controller init! Checkpoint: rsl_rl_policy
CONTROLLER: Using OutOfTree (6) controller
MTR-DRV: Using brushed motor driver
SYS: About to run tests in system.c.
SYS: NRF51 version: 2025.02 (CF21)
EEPROM: I2C connection [OK].
STORAGE: Storage check [OK].
IMU: BMI088 gyro self-test [OK]
BackpropTools controller test, abs diff: 0.0
BackpropTools controller: Test action 0: 0.0
BackpropTools controller: Test action 1: 0.0
BackpropTools controller: Test action 2: 0.0
BackpropTools controller: Test action 3: 0.0
DECK_CORE: Deck 0 test [OK].
SYS: Self test passed!
STAB: Wait for sensor calibration...
SYS: Free heap: 15056 bytes
STAB: Starting stabilizer loop
ESTKALMAN: State out of bounds, resetting
PX4RL: state: 0.0,0.0,-0.500000,1.0,0.0,0.0,0.0,1.0,0.0,0.0,0.0,1.0,0.0,0.0,-2.0,0.005511,0.001219,0.000531
PX4RL: STAI network run took 873 us
Learned Controller is behind schedule: 12660856us/2000us
actions: 0.947251,0.888644,0.723724,-0.164428
actions: 0.951194,-0.948188,0.912709,0.794895
PX4RL: state: 0.000891,-0.001765,0.010643,1.0,0.000179,0.000122,-0.000179,1.0,-0.000021,-0.000122,0.000020,1.0,0.009096,-0.017404,-0.022160,-0.001169,-0.001366,-0.004075
actions: 0.883718,-0.470985,0.169018,0.006003
actions: 0.710050,-0.872929,0.476039,0.174458
PX4RL: state: 0.003657,-0.007064,0.011760,0.999999,0.000334,0.000268,-0.000334,0.999999,-0.000060,-0.000268,0.000060,0.999999,0.018849,-0.035523,-0.001667,0.002992,-0.000188,-0.000811
actions: 0.775265,-0.461212,0.703142,0.412464
actions: 0.665723,-0.937047,0.694670,0.417111
PX4RL: state: 0.008422,-0.016000,0.012392,0.999999,0.000418,0.000381,-0.000418,0.999999,-0.000085,-0.000381,0.000085,0.999999,0.028762,-0.053499,-0.004772,-0.004629,0.005094,-0.000809
actions: 0.951394,-0.654664,0.840298,0.528182
actions: 0.770655,-0.859120,0.412073,-0.019687
PX4RL: state: 0.015262,-0.028643,0.011430,0.999999,0.000517,0.000580,-0.000517,0.999999,0.000061,-0.000580,-0.000061,0.999999,0.038819,-0.072170,-0.005594,0.001060,0.001271,0.000006
actions: 0.604779,-0.852249,0.602072,-0.205850
actions: 0.905296,-0.308160,0.825166,0.128281
PX4RL: state: 0.024068,-0.044946,0.012307,0.999999,0.000566,0.000602,-0.000566,0.999999,0.000112,-0.000602,-0.000112,0.999999,0.049409,-0.090550,-0.002177,-0.003101,0.006342,-0.004083
actions: 0.662089,-0.920683,0.384566,0.282653
actions: 0.813709,-0.380549,0.795785,0.330004
PX4RL: state: 0.034810,-0.064763,0.012715,0.999999,0.000714,0.000630,-0.000714,0.999999,-0.000055,-0.000630,0.000055,0.999999,0.059302,-0.108583,-0.000199,-0.001656,0.008588,0.002363
actions: 0.757040,-0.571867,0.640360,0.043420
actions: 0.698029,-0.800771,0.794936,-0.114021
PX4RL: state: 0.047759,-0.088557,0.011955,0.999999,0.000795,0.000716,-0.000795,0.999999,0.000106,-0.000716,-0.000107,0.999999,0.069238,-0.127824,-0.001011,-0.000359,0.000111,0.001449
actions: 0.766334,-0.874317,0.609969,0.227662
actions: 0.594680,-0.797902,0.614826,0.620826
PX4RL: state: 0.062683,-0.115734,0.013433,0.999999,0.000878,0.000795,-0.000879,0.999999,0.000111,-0.000795,-0.000111,0.999999,0.081421,-0.146343,0.002959,-0.002173,-0.001703,-0.001718
actions: 0.873988,-0.611692,0.274360,-0.163144
actions: 0.828817,-0.780589,0.798171,0.120469
PX4RL: state: 0.080573,-0.147621,0.012955,0.999999,0.000983,0.000816,-0.000983,0.999999,0.000259,-0.000816,-0.000259,0.999999,0.092911,-0.164923,-0.003365,0.000482,-0.003882,-0.001434
actions: 0.861496,-0.910936,0.182171,0.349031
STAB: WARNING: stabilizer loop rate is off (994)
actions: 0.765620,-0.936814,0.013017,0.484770
PX4RL: state: 0.100197,-0.182575,0.012330,0.999999,0.001099,0.000896,-0.001099,0.999999,0.000211,-0.000896,-0.000212,0.999999,0.102301,-0.183376,-0.003477,0.001052,0.001377,-0.001996
PX4RL: STAI network run took 828 us
actions: 0.706132,-0.925792,0.647024,0.411562
actions: 0.847359,-0.647318,0.592910,0.151034
PX4RL: state: 0.121039,-0.219722,0.013579,0.999998,0.001231,0.000907,-0.001231,0.999999,0.000281,-0.000907,-0.000283,0.999999,0.112151,-0.200419,0.002827,-0.001138,0.001627,-0.003437
[host] Connected, use ctrl-c to quit.
actions: 0.803713,-0.839067,0.424650,0.021186
actions: 0.762993,-0.935002,0.260796,0.398147
PX4RL: state: 0.144615,-0.261943,0.012618,0.999998,0.001286,0.000960,-0.001286,0.999999,0.000213,-0.000960,-0.000214,0.999999,0.122164,-0.219418,-0.000254,0.003912,-0.003996,0.000488
actions: 0.437631,-0.952991,0.547826,0.340096
actions: 0.834008,-0.228361,0.864869,0.190522
PX4RL: state: 0.170514,-0.308245,0.011725,0.999998,0.001337,0.000908,-0.001337,0.999999,0.000384,-0.000907,-0.000385,0.999999,0.133391,-0.238031,-0.003010,-0.001115,0.000405,-0.002057
actions: 0.810955,-0.588318,0.717107,0.475430
actions: 0.841132,0.005471,0.915165,-0.192884
PX4RL: state: 0.197486,-0.356150,0.013722,0.999998,0.001457,0.000720,-0.001458,0.999998,0.000347,-0.000720,-0.000348,0.999999,0.144635,-0.255114,0.005041,0.005472,0.001833,-0.005068
actions: 0.933513,-0.609249,0.647615,0.184673
actions: 0.864397,-0.313937,0.886716,0.090614
PX4RL: state: 0.227118,-0.408489,0.013518,0.999998,0.001527,0.000595,-0.001527,0.999998,0.000145,-0.000595,-0.000146,0.999999,0.153864,-0.273625,0.005280,-0.001834,-0.001383,-0.001850
actions: 0.767004,-0.889277,0.681939,0.124190
actions: 0.844472,-0.835080,0.732169,-0.121347
PX4RL: state: 0.260801,-0.468542,0.010767,0.999998,0.001515,0.000700,-0.001515,0.999998,0.000195,-0.000700,-0.000196,0.999999,0.165619,-0.294243,-0.006809,-0.001307,0.001375,-0.001344
actions: 0.735833,-0.840441,0.665123,-0.054906
actions: 0.893813,-0.618822,0.819861,0.200217
PX4RL: state: 0.292547,-0.500000,0.012398,0.999998,0.001684,0.000559,-0.001684,0.999998,0.000280,-0.000558,-0.000281,0.999999,0.175334,-0.309437,0.001287,-0.000539,0.000148,0.001065
actions: 0.874753,-0.798840,0.693909,-0.144382
actions: 0.789652,-0.150560,0.522372,0.252781
PX4RL: state: 0.329772,-0.500000,0.011200,0.999998,0.001691,0.000565,-0.001691,0.999998,0.000236,-0.000565,-0.000237,0.999999,0.186520,-0.328646,-0.004868,0.002372,0.002343,-0.000479
actions: 0.662895,-0.838585,0.780889,0.082936
actions: 0.772175,-0.452348,0.619765,0.635437
PX4RL: state: 0.366483,-0.500000,0.012313,0.999998,0.001743,0.000542,-0.001743,0.999998,0.000498,-0.000541,-0.000499,0.999999,0.196341,-0.344660,0.000176,0.001944,-0.000301,0.002422
actions: 0.917520,-0.821063,0.906936,-0.251467
actions: 0.787879,-0.206472,0.843204,0.409579
PX4RL: state: 0.409205,-0.500000,0.010851,0.999998,0.001709,0.000645,-0.001710,0.999998,0.000503,-0.000644,-0.000504,0.999999,0.207959,-0.365008,-0.006453,0.001772,-0.002704,0.001085
PX4RL: STAI network run took 815 us
actions: 0.772474,-0.832470,0.558637,0.184594
actions: 0.935937,-0.946008,0.729570,0.762281
PX4RL: state: 0.449064,-0.500000,0.012389,0.999998,0.001826,0.000712,-0.001826,0.999998,0.000488,-0.000711,-0.000489,0.999999,0.217535,-0.379434,0.002818,-0.000598,0.003264,0.000464
actions: 0.754964,-0.865922,0.658472,0.036576
actions: 0.732773,-0.907747,0.492208,0.085248
PX4RL: state: 0.492926,-0.500000,0.013952,0.999998,0.001815,0.000568,-0.001815,0.999998,0.000573,-0.000567,-0.000574,0.999999,0.228410,-0.395926,0.005286,-0.000144,-0.002040,-0.002049
actions: 0.844978,-0.188952,0.826554,0.526099
actions: 0.723799,-0.831141,0.424794,0.271666
PX4RL: state: 0.500000,-0.500000,0.013695,0.999998,0.001946,0.000428,-0.001946,0.999997,0.000648,-0.000427,-0.000649,0.999999,0.237538,-0.412542,0.005730,-0.000973,0.001918,-0.005475
actions: 0.884394,-0.880126,0.853921,0.710128
actions: 0.950535,-0.751241,0.410013,0.642942
PX4RL: state: 0.500000,-0.500000,0.012696,0.999997,0.002041,0.000530,-0.002041,0.999997,0.000739,-0.000528,-0.000740,0.999999,0.247592,-0.430854,-0.002000,-0.001973,-0.001426,0.000754
actions: 0.719780,-0.807102,0.342708,0.024853
actions: 0.828123,0.127445,0.645316,0.667072
PX4RL: state: 0.500000,-0.500000,0.013707,0.999997,0.002154,0.000461,-0.002155,0.999997,0.000627,-0.000460,-0.000628,0.999999,0.256714,-0.443390,0.005162,-0.003442,0.001091,-0.001936
actions: 0.811527,-0.615981,0.821639,0.164567
actions: 0.701973,-0.877305,0.266391,0.202367
PX4RL: state: 0.500000,-0.500000,0.010598,0.999997,0.002260,0.000648,-0.002260,0.999997,0.000266,-0.000647,-0.000267,0.999999,0.270696,-0.467138,-0.009923,0.000002,-0.005278,-0.006563
actions: 0.661211,-0.939204,0.643325,0.268420
actions: 0.797561,0.085095,0.714469,0.155564
PX4RL: state: 0.500000,-0.500000,0.012052,0.999997,0.002322,0.000517,-0.002323,0.999997,0.000520,-0.000516,-0.000521,0.999999,0.276042,-0.477934,-0.000793,0.002591,0.006671,-0.000113
actions: 0.875240,-0.916090,0.490756,0.258981
actions: 0.831441,0.420566,0.852628,0.456457
PX4RL: state: 0.500000,-0.500000,0.012594,0.999996,0.002439,0.000547,-0.002439,0.999996,0.000560,-0.000546,-0.000561,0.999999,0.284136,-0.493896,0.004415,-0.000835,0.000088,-0.002996
actions: 0.771702,-0.936846,0.718766,-0.266972
actions: 0.724413,-0.888522,0.333905,0.433134
PX4RL: state: 0.500000,-0.500000,0.010882,0.999996,0.002529,0.000609,-0.002529,0.999996,0.000308,-0.000608,-0.000310,0.999999,0.295807,-0.515943,-0.007089,0.000372,-0.002324,0.003256
actions: 0.921527,-0.892234,0.802064,0.290618
actions: 0.890270,-0.285546,0.919955,0.201911
PX4RL: state: 0.500000,-0.500000,0.010563,0.999996,0.002518,0.000602,-0.002518,0.999996,0.000540,-0.000601,-0.000541,0.999999,0.305102,-0.532475,-0.005427,-0.002266,0.000167,-0.001672
PX4RL: STAI network run took 815 us
actions: 0.663587,-0.319790,0.719527,0.034840
actions: 0.779968,-0.752412,0.824430,0.016148
PX4RL: state: 0.500000,-0.500000,0.011939,0.999996,0.002619,0.000557,-0.002620,0.999996,0.000752,-0.000555,-0.000753,0.999999,0.313035,-0.542484,0.000483,-0.004586,-0.001016,-0.001276
actions: 0.704945,-0.040237,0.881747,-0.128751
actions: 0.770694,-0.859184,0.412178,-0.019547
PX4RL: state: 0.500000,-0.500000,0.011781,0.999995,0.002802,0.000686,-0.002802,0.999995,0.000749,-0.000683,-0.000751,0.999999,0.323517,-0.559994,-0.001899,-0.000432,-0.004971,-0.001210
actions: 0.258077,-0.658886,0.203921,0.169129
actions: 0.747183,-0.892253,0.558546,0.078611
PX4RL: state: 0.500000,-0.500000,0.012554,0.999995,0.002830,0.000820,-0.002831,0.999995,0.000747,-0.000818,-0.000749,0.999999,0.333908,-0.576973,-0.001607,-0.003241,0.002981,-0.006838
actions: 0.645256,-0.918374,0.329273,0.311299
actions: 0.874526,-0.931591,0.697916,0.360775
PX4RL: state: 0.500000,-0.500000,0.011556,0.999995,0.002882,0.000814,-0.002883,0.999995,0.000829,-0.000812,-0.000831,0.999999,0.345307,-0.595966,-0.007834,0.004655,0.003217,0.001175
actions: 0.795039,-0.847931,0.652984,0.180676
actions: 0.877652,-0.063774,0.831347,0.123396
PX4RL: state: 0.500000,-0.500000,0.012278,0.999995,0.002983,0.000636,-0.002984,0.999995,0.001007,-0.000633,-0.001009,0.999999,0.354522,-0.606928,0.001128,0.001350,0.004816,0.001734
actions: 0.773949,-0.684255,0.570177,-0.027836
actions: 0.952122,0.295367,0.768051,0.046688
PX4RL: state: 0.500000,-0.500000,0.013425,0.999995,0.002994,0.000407,-0.002995,0.999994,0.001281,-0.000403,-0.001282,0.999999,0.361549,-0.618153,0.009067,0.003089,0.004859,0.000417
actions: 0.576835,-0.758394,0.655846,0.743657
actions: 0.795631,-0.936890,0.505101,0.104742
PX4RL: state: 0.500000,-0.500000,0.012735,0.999995,0.002996,0.000540,-0.002996,0.999994,0.001473,-0.000535,-0.001475,0.999998,0.372529,-0.635457,0.001369,-0.000884,-0.000946,0.003162
actions: 0.855668,-0.662543,0.819485,0.397037
actions: 0.798674,-0.984566,0.586167,-0.108574
PX4RL: state: 0.500000,-0.500000,0.012394,0.999995,0.003052,0.000682,-0.003053,0.999994,0.001549,-0.000677,-0.001551,0.999998,0.380787,-0.648613,0.001372,-0.003056,-0.000749,0.001191
actions: 0.849638,-0.720177,0.857086,0.418311
actions: 0.911235,-0.856969,0.735797,0.239885
PX4RL: state: 0.500000,-0.500000,0.010932,0.999995,0.003061,0.000807,-0.003062,0.999994,0.001564,-0.000803,-0.001566,0.999998,0.390613,-0.662264,-0.002944,0.002785,-0.006448,-0.001451
actions: 0.810178,-0.591014,0.602444,0.089737
actions: 0.558078,-0.961245,0.747401,0.266419
PX4RL: state: 0.500000,-0.500000,0.010391,0.999994,0.003078,0.000777,-0.003079,0.999994,0.001492,-0.000772,-0.001495,0.999998,0.397683,-0.671062,-0.004995,-0.000187,-0.004191,0.000547
PX4RL: STAI network run took 808 us
actions: 0.751160,-0.173564,0.782191,0.426841
actions: 0.800221,-0.805210,0.846095,0.092054
PX4RL: state: 0.500000,-0.500000,0.012447,0.999994,0.003170,0.000754,-0.003171,0.999994,0.001404,-0.000750,-0.001407,0.999998,0.405302,-0.680545,0.005801,0.002257,-0.000099,-0.002564
actions: 0.885419,-0.660602,0.829621,0.333598
actions: 0.812422,-0.893745,0.386723,0.025162
PX4RL: state: 0.500000,-0.500000,0.011629,0.999994,0.003223,0.000855,-0.003223,0.999994,0.001150,-0.000851,-0.001153,0.999999,0.420140,-0.703717,-0.006558,0.002989,-0.001298,0.003981
actions: 0.818679,-0.849270,0.580945,-0.163939
actions: 0.894744,-0.878347,0.584433,0.272186
PX4RL: state: 0.500000,-0.500000,0.010444,0.999994,0.003322,0.000827,-0.003323,0.999993,0.001041,-0.000824,-0.001043,0.999999,0.432204,-0.722065,-0.008481,0.003006,-0.001187,0.001997
actions: 0.681021,-0.817132,0.575059,0.299160
actions: 0.707976,-0.760269,0.660804,0.244321
PX4RL: state: 0.500000,-0.500000,0.011720,0.999994,0.003363,0.000544,-0.003363,0.999993,0.001461,-0.000539,-0.001463,0.999998,0.432132,-0.718489,0.000148,0.004015,0.003705,0.002564
actions: 0.846538,-0.713178,0.753609,-0.175980
actions: 0.910845,-0.261843,0.868032,0.118650
PX4RL: state: 0.500000,-0.500000,0.011079,0.999993,0.003454,0.000586,-0.003455,0.999992,0.001580,-0.000580,-0.001582,0.999998,0.442166,-0.734585,-0.003424,-0.001599,-0.001657,0.000525
actions: 0.683579,-0.474545,0.252891,0.224942
actions: 0.866107,-0.934013,0.672037,0.554168
PX4RL: state: 0.500000,-0.500000,0.012579,0.999994,0.003436,0.000432,-0.003436,0.999992,0.001578,-0.000427,-0.001579,0.999998,0.452197,-0.752343,-0.000150,-0.000004,-0.000727,0.002982
actions: 0.715148,-0.504688,0.786565,0.625479
actions: 0.756690,-0.782881,0.395105,0.158269
PX4RL: state: 0.500000,-0.500000,0.012795,0.999993,0.003465,0.000532,-0.003465,0.999992,0.001543,-0.000527,-0.001545,0.999998,0.461957,-0.765814,0.000705,0.003818,-0.001158,-0.004037
actions: 0.809884,-0.753339,0.629203,0.131652
actions: 0.868006,-0.756786,0.253581,0.507896
PX4RL: state: 0.500000,-0.500000,0.012461,0.999993,0.003503,0.000476,-0.003503,0.999992,0.001419,-0.000471,-0.001421,0.999998,0.471649,-0.780528,0.000303,-0.000989,0.001677,-0.002950
actions: 0.808127,-0.507283,0.565220,0.053895
actions: 0.858908,-0.659860,0.749852,0.592983
PX4RL: state: 0.500000,-0.500000,0.012867,0.999993,0.003597,0.000485,-0.003598,0.999992,0.001468,-0.000479,-0.001469,0.999998,0.475734,-0.785774,0.002546,0.000773,0.000848,-0.001943
actions: 0.687865,-0.865649,0.618259,0.534563
actions: 0.821598,-0.979136,0.090489,0.185170
PX4RL: state: 0.500000,-0.500000,0.013150,0.999993,0.003669,0.000380,-0.003669,0.999992,0.001502,-0.000375,-0.001504,0.999998,0.486545,-0.802297,0.004916,0.001690,0.000814,0.000698
PX4RL: STAI network run took 813 us
actions: 0.903707,0.368983,0.922645,0.156782
actions: 0.838544,-0.529998,0.532548,-0.115322
PX4RL: state: 0.500000,-0.500000,0.013859,0.999993,0.003724,0.000349,-0.003724,0.999991,0.001535,-0.000343,-0.001536,0.999998,0.495744,-0.817545,0.004029,-0.002489,-0.002830,0.000064
actions: 0.857714,-0.349939,0.623811,0.388284
actions: 0.811311,-0.039023,0.909287,-0.004831
PX4RL: state: 0.500000,-0.500000,0.012950,0.999992,0.003761,0.000249,-0.003761,0.999991,0.001677,-0.000243,-0.001678,0.999998,0.503614,-0.832319,0.000776,0.000378,0.002242,-0.000664
actions: 0.878403,-0.894916,0.880323,-0.399997
actions: 0.857222,-0.814536,0.457904,0.303813
PX4RL: state: 0.500000,-0.500000,0.011376,0.999992,0.003804,0.000339,-0.003805,0.999991,0.001580,-0.000333,-0.001581,0.999998,0.511047,-0.845838,-0.004456,-0.001083,0.000594,0.001367
actions: 0.768933,-0.867519,0.495023,0.198004
actions: 0.661120,-0.824189,0.473675,0.333658
PX4RL: state: 0.500000,-0.500000,0.013509,0.999992,0.003868,0.000262,-0.003868,0.999990,0.001762,-0.000255,-0.001763,0.999998,0.510764,-0.840276,0.004574,-0.000266,-0.000187,-0.002721
actions: 0.795039,-0.847931,0.652984,0.180676
actions: 0.805150,-0.291825,0.835206,0.173124
PX4RL: state: 0.500000,-0.500000,0.014582,0.999992,0.003924,0.000312,-0.003924,0.999990,0.001727,-0.000305,-0.001728,0.999998,0.520343,-0.855089,0.005855,-0.003293,0.003626,-0.000895
actions: 0.803712,-0.839067,0.424649,0.021187
actions: 0.756241,-0.880242,0.539175,0.157856
PX4RL: state: 0.500000,-0.500000,0.010525,0.999992,0.003923,0.000594,-0.003924,0.999991,0.001579,-0.000588,-0.001581,0.999998,0.533333,-0.874482,-0.011039,0.003473,0.000641,0.002486
actions: 0.798454,-0.806278,0.875028,-0.025654
actions: 0.781758,-0.900714,0.726044,0.197945
PX4RL: state: 0.500000,-0.500000,0.011432,0.999992,0.003870,0.000557,-0.003871,0.999990,0.001824,-0.000550,-0.001826,0.999998,0.531536,-0.868156,-0.002408,0.003710,0.000344,0.004113
actions: 0.927423,-0.186675,0.864284,0.051848
actions: 0.912309,-0.510308,0.917234,-0.269945
PX4RL: state: 0.500000,-0.500000,0.012449,0.999992,0.003912,0.000672,-0.003913,0.999990,0.001775,-0.000665,-0.001777,0.999998,0.542961,-0.885877,0.003367,-0.005337,-0.002746,0.003715
actions: 0.883534,-0.767680,0.627895,0.182301
actions: 0.906707,-0.925988,0.875195,0.396127
PX4RL: state: 0.500000,-0.500000,0.012042,0.999992,0.003939,0.000711,-0.003940,0.999990,0.002020,-0.000703,-0.002022,0.999997,0.553217,-0.901204,-0.001635,-0.001303,0.001936,-0.002470
actions: 0.807487,-0.559104,0.026393,0.654472
actions: 0.830560,-0.781517,0.796252,0.130895
PX4RL: state: 0.500000,-0.500000,0.012280,0.999992,0.003925,0.000686,-0.003927,0.999989,0.002327,-0.000676,-0.002329,0.999997,0.561525,-0.909921,-0.001138,-0.000483,0.000068,0.000479
PX4RL: STAI network run took 845 us
actions: 0.724920,-0.465443,0.588405,0.615139
actions: 0.779326,-0.692235,0.680704,0.016382
PX4RL: state: 0.500000,-0.500000,0.014357,0.999991,0.004037,0.000711,-0.004039,0.999988,0.002430,-0.000701,-0.002432,0.999996,0.567433,-0.915443,0.005724,0.000010,0.004080,-0.001289
actions: 0.768909,0.633653,0.814624,0.033646
actions: 0.862918,-0.725112,0.768464,-0.060066
PX4RL: state: 0.500000,-0.500000,0.012362,0.999991,0.004099,0.000616,-0.004100,0.999988,0.002481,-0.000606,-0.002483,0.999996,0.573479,-0.926595,-0.005127,-0.005167,-0.004789,-0.000200
actions: 0.512491,-0.531607,0.154213,0.380607
actions: 0.846601,-0.940303,0.838834,0.250886
PX4RL: state: 0.500000,-0.500000,0.011849,0.999991,0.004142,0.000611,-0.004144,0.999988,0.002539,-0.000601,-0.002541,0.999996,0.579086,-0.927196,-0.002416,0.008010,-0.001292,-0.002806
actions: 0.919734,-0.139391,0.888724,0.029927
actions: 0.731773,-0.490102,0.750764,-0.097243
PX4RL: state: 0.500000,-0.500000,0.014040,0.999991,0.004218,0.000455,-0.004219,0.999987,0.002687,-0.000444,-0.002688,0.999996,0.589849,-0.940472,0.007648,0.002502,0.002910,-0.002507
actions: 0.817177,-0.714688,0.458821,-0.020669
actions: 0.586226,-0.805617,0.623701,0.175220
PX4RL: state: 0.500000,-0.500000,0.013213,0.999991,0.004212,0.000495,-0.004213,0.999988,0.002500,-0.000484,-0.002502,0.999996,0.601086,-0.954298,-0.000713,0.001345,-0.000478,-0.001293
actions: 0.845706,-0.189452,0.578147,0.080432
actions: 0.821886,-0.485937,0.755935,0.460362
PX4RL: state: 0.500000,-0.500000,0.012680,0.999990,0.004313,0.000596,-0.004314,0.999988,0.002114,-0.000587,-0.002116,0.999997,0.614244,-0.973803,-0.002638,-0.005190,-0.004451,-0.000914
actions: 0.891856,-0.966578,0.474224,0.044056
actions: 0.732772,-0.907747,0.492208,0.085248
PX4RL: state: 0.500000,-0.500000,0.012023,0.999990,0.004251,0.000483,-0.004252,0.999988,0.002389,-0.000473,-0.002391,0.999997,0.619915,-0.979364,-0.003038,0.002354,-0.004355,-0.003327
actions: 0.205335,-0.769213,0.279345,0.156240
actions: 0.720531,-0.808688,0.673183,0.316319
PX4RL: state: 0.500000,-0.500000,0.012205,0.999990,0.004355,0.000343,-0.004356,0.999987,0.002434,-0.000333,-0.002435,0.999996,0.628640,-0.991028,-0.003140,-0.001978,-0.002953,-0.001370
actions: 0.690018,-0.922288,0.634413,-0.039831
actions: 0.827756,-0.288263,0.557292,0.330874
PX4RL: state: 0.500000,-0.500000,0.012222,0.999989,0.004483,0.000211,-0.004484,0.999986,0.002626,-0.000199,-0.002627,0.999996,0.634031,-0.994163,-0.000420,0.003364,0.006002,0.001845
actions: 0.813362,-0.873177,0.548733,0.259899
actions: 0.914733,-0.487564,0.608963,-0.134475
PX4RL: state: 0.500000,-0.500000,0.013108,0.999989,0.004507,0.000226,-0.004508,0.999986,0.002460,-0.000215,-0.002461,0.999996,0.641326,-1.004065,0.002090,0.002828,0.001914,0.001616
PX4RL: STAI network run took 803 us
actions: 0.520317,-0.889991,0.170045,0.532705
actions: 0.586013,-0.779891,0.868753,0.112431
PX4RL: state: 0.500000,-0.500000,0.012471,0.999989,0.004501,0.000214,-0.004502,0.999987,0.002346,-0.000204,-0.002347,0.999997,0.647355,-1.013048,-0.001528,0.001855,0.003544,0.001409
actions: 0.665620,-0.036323,0.402711,0.686772
actions: 0.590017,-0.874583,0.731483,0.387695
PX4RL: state: 0.500000,-0.500000,0.010327,0.999989,0.004555,0.000150,-0.004556,0.999986,0.002462,-0.000139,-0.002462,0.999996,0.640792,-0.998712,-0.005924,0.000030,-0.002241,0.000118
actions: 0.863052,-0.797055,0.925406,0.177922
actions: 0.924974,-0.777863,0.938298,-0.202585
PX4RL: state: 0.500000,-0.500000,0.012469,0.999989,0.004630,0.000172,-0.004630,0.999986,0.002331,-0.000161,-0.002331,0.999997,0.660179,-1.033385,0.001650,-0.000699,-0.000708,-0.001860
actions: 0.587774,-0.825886,0.085409,0.433182
actions: 0.801406,-0.561325,0.559499,-0.002138
PX4RL: state: 0.500000,-0.500000,0.011723,0.999989,0.004677,0.000155,-0.004678,0.999986,0.002178,-0.000145,-0.002179,0.999997,0.674567,-1.061749,-0.006680,-0.002582,-0.002358,-0.002011
actions: 0.761835,-0.615293,0.898377,0.623578
actions: 0.948298,-0.215706,0.889520,0.430469
PX4RL: state: 0.500000,-0.500000,0.013751,0.999988,0.004723,0.000111,-0.004723,0.999986,0.002360,-0.000100,-0.002361,0.999997,0.672150,-1.046954,0.008289,-0.000894,-0.002885,-0.001821
actions: 0.881037,-0.591248,0.755621,-0.125129
actions: 0.884469,0.045926,0.728639,-0.269566
PX4RL: state: 0.500000,-0.500000,0.012673,0.999988,0.004786,0.000179,-0.004786,0.999986,0.002206,-0.000168,-0.002207,0.999997,0.678708,-1.057983,0.000691,0.001490,0.001087,-0.001032
actions: 0.794327,-0.573876,0.480945,-0.332301
actions: 0.710061,-0.872930,0.476028,0.174480
PX4RL: state: 0.500000,-0.500000,0.011688,0.999988,0.004828,0.000051,-0.004828,0.999986,0.002054,-0.000041,-0.002054,0.999997,0.689061,-1.078911,-0.010221,0.003336,0.000484,0.001693
actions: 0.529724,-0.902420,0.333876,0.117735
actions: 0.638397,-0.936883,0.368258,0.357297
PX4RL: state: 0.500000,-0.500000,0.012929,0.999988,0.004868,0.000061,-0.004868,0.999985,0.002324,-0.000050,-0.002325,0.999997,0.689587,-1.071334,0.002884,0.000067,0.001099,-0.001874
actions: 0.947321,-0.226695,0.902541,-0.131460
actions: 0.947126,-0.907522,0.697269,0.619944
PX4RL: state: 0.500000,-0.500000,0.012654,0.999987,0.004920,0.000188,-0.004921,0.999985,0.002173,-0.000177,-0.002173,0.999997,0.705985,-1.100970,-0.002962,-0.000459,-0.005714,-0.001740
actions: 0.881677,-0.757955,0.836127,-0.145810
actions: 0.756686,-0.772400,0.866813,-0.418765
PX4RL: state: 0.500000,-0.500000,0.013221,0.999987,0.004970,-0.000216,-0.004970,0.999984,0.002652,0.000229,-0.002651,0.999996,0.678954,-1.046077,0.002321,0.001110,0.000883,-0.001766
PX4RL: STAI network run took 808 us
actions: 0.868412,-0.630723,0.718172,0.108736
actions: 0.569762,-0.948613,0.625301,0.143142
PX4RL: state: 0.500000,-0.500000,0.014061,0.999987,0.005066,0.0,-0.005066,0.999984,0.002216,0.000011,-0.002216,0.999997,0.713645,-1.107160,0.003157,-0.000574,-0.000014,-0.001753
actions: 0.959861,-0.773693,0.894576,-0.082611
actions: 0.758973,-0.756766,0.679123,0.007118
PX4RL: state: 0.500000,-0.500000,0.012268,0.999987,0.004979,-0.000216,-0.004978,0.999983,0.002773,0.000230,-0.002772,0.999996,0.684507,-1.045845,-0.002363,-0.003460,-0.002631,0.001419
actions: 0.514570,-0.294261,0.487648,0.412405
actions: 0.665749,-0.950095,0.285994,0.099599
PX4RL: state: 0.500000,-0.500000,0.013842,0.999987,0.004963,0.000346,-0.004964,0.999986,0.001630,-0.000338,-0.001632,0.999998,0.768462,-1.207239,0.006133,-0.002450,0.001546,-0.001295
actions: 0.947006,-0.515467,0.759902,0.659419
actions: 0.196721,-0.744632,0.274328,0.470618
PX4RL: state: 0.500000,-0.500000,0.012597,0.999987,0.004932,0.000099,-0.004933,0.999985,0.002195,-0.000088,-0.002196,0.999997,0.737882,-1.145372,-0.002428,0.001419,-0.001372,0.002002
actions: 0.742777,-0.865687,0.543701,0.169000
actions: 0.908530,-0.549075,0.861346,-0.325883
PX4RL: state: 0.500000,-0.500000,0.013442,0.999987,0.004905,0.000191,-0.004905,0.999985,0.002005,-0.000181,-0.002006,0.999998,0.764631,-1.192281,0.003047,0.003094,0.000837,-0.002013
actions: 0.793877,-0.949635,0.565768,0.155816
actions: 0.828074,-0.269957,0.656718,-0.008150
PX4RL: state: 0.500000,-0.500000,0.014606,0.999988,0.004886,0.000128,-0.004886,0.999985,0.002356,-0.000117,-0.002357,0.999997,0.764164,-1.182226,0.009679,0.003800,0.004885,0.000513
actions: 0.716320,-0.296441,0.789483,0.141060
actions: 0.900498,-0.769823,0.753279,-0.173330
PX4RL: state: 0.500000,-0.500000,0.013017,0.999987,0.004945,0.000364,-0.004945,0.999985,0.002040,-0.000354,-0.002042,0.999997,0.777958,-1.207077,0.000293,0.000593,-0.000257,0.000942
actions: 0.817468,-0.736175,0.645533,-0.119275
actions: 0.693010,-0.817700,0.470516,0.103763
PX4RL: state: 0.500000,-0.500000,0.014604,0.999987,0.004983,0.000070,-0.004983,0.999984,0.002358,-0.000058,-0.002358,0.999997,0.780448,-1.200837,0.006732,-0.002547,0.001158,-0.005108
actions: 0.876885,-0.466095,0.766627,-0.205692
actions: 0.880670,-0.331134,0.785103,0.197819
PX4RL: state: 0.500000,-0.500000,0.013835,0.999987,0.005033,0.000087,-0.005034,0.999984,0.002323,-0.000076,-0.002323,0.999997,0.782589,-1.204356,0.001418,-0.001218,0.002027,-0.002135
actions: 0.687772,-0.894151,0.300185,0.245397
actions: 0.672264,-0.879588,0.694355,0.223791
PX4RL: state: 0.500000,-0.500000,0.012955,0.999987,0.005030,0.000248,-0.005031,0.999984,0.002392,-0.000236,-0.002393,0.999997,0.797703,-1.219264,-0.000469,-0.004185,-0.002865,-0.000150
PX4RL: STAI network run took 812 us
actions: 0.836541,-0.887361,0.827067,0.029416
actions: 0.758726,-0.652643,0.752020,-0.292540
PX4RL: state: 0.500000,-0.500000,0.015322,0.999986,0.005116,-0.000045,-0.005116,0.999983,0.002749,0.000059,-0.002749,0.999996,0.793750,-1.210511,0.010503,-0.000053,0.001817,-0.000607
actions: 0.762987,-0.455346,0.815844,0.309941
actions: 0.890858,-0.967658,0.642006,0.137172
PX4RL: state: 0.500000,-0.500000,0.015609,0.999986,0.005136,0.000074,-0.005136,0.999983,0.002666,-0.000060,-0.002667,0.999996,0.805724,-1.224569,0.003569,0.004716,0.000674,0.002698
actions: 0.691373,-0.791101,0.308932,0.466904
actions: 0.890093,-0.687475,0.776619,0.555788
PX4RL: state: 0.500000,-0.500000,0.011656,0.999986,0.005107,0.000492,-0.005108,0.999984,0.002122,-0.000481,-0.002124,0.999997,0.841092,-1.298639,-0.012690,-0.001042,0.000664,-0.001919
actions: 0.814093,-0.910383,0.351693,0.465495
actions: 0.895823,-0.391510,0.377132,0.396663
PX4RL: state: 0.500000,-0.500000,0.011349,0.999986,0.005158,0.000278,-0.005159,0.999982,0.002824,-0.000263,-0.002826,0.999995,0.807275,-1.220057,-0.005769,0.001693,-0.005871,-0.001272
actions: 0.853136,-0.703299,0.624915,0.831735
actions: 0.865762,0.062037,0.847454,0.539372
PX4RL: state: 0.500000,-0.500000,0.013754,0.999986,0.005183,0.000218,-0.005183,0.999982,0.003036,-0.000202,-0.003037,0.999995,0.820449,-1.232231,0.004697,0.005386,-0.001398,0.001467
actions: 0.685161,-0.922686,0.645055,-0.201101
actions: 0.616951,-0.694686,0.233253,0.281108
PX4RL: state: 0.500000,-0.500000,0.012326,0.999986,0.005222,0.000869,-0.005223,0.999985,0.001408,-0.000862,-0.001413,0.999998,0.911455,-1.437688,0.000266,0.001667,-0.003381,0.003331
actions: 0.767757,-0.803590,0.603610,0.224433
actions: 0.819917,-0.763686,0.822801,-0.368662
PX4RL: state: 0.500000,-0.500000,0.014135,0.999986,0.005189,-0.000340,-0.005187,0.999977,0.004246,0.000362,-0.004244,0.999990,0.763314,-1.088603,0.007958,-0.001118,0.000560,-0.000286
actions: 0.881421,-0.914268,0.718883,-0.080787
actions: 0.653823,-0.726605,0.679851,0.178321
PX4RL: state: 0.500000,-0.500000,0.012314,0.999986,0.005230,0.000416,-0.005231,0.999983,0.002197,-0.000404,-0.002200,0.999997,0.868015,-1.344281,-0.004269,0.001613,-0.000542,0.000385
actions: 0.744579,-0.888008,0.385557,0.397493
actions: 0.891072,0.068854,0.715782,-0.651559
PX4RL: state: 0.500000,-0.500000,0.011751,0.999986,0.005262,0.000215,-0.005263,0.999982,0.002768,-0.000201,-0.002769,0.999996,0.849788,-1.270636,-0.004721,-0.000513,-0.000518,0.001656
actions: 0.846800,-0.665933,0.761603,0.011766
actions: 0.895375,-0.787403,0.906889,0.019820
PX4RL: state: 0.500000,-0.500000,0.010530,0.999986,0.005229,0.000152,-0.005229,0.999981,0.003041,-0.000136,-0.003041,0.999995,0.842125,-1.246710,-0.007826,-0.000813,0.000430,-0.000891
PX4RL: STAI network run took 820 us
actions: 0.718289,-0.343430,0.708433,0.037152
actions: 0.878330,-0.679481,0.825421,0.183155
PX4RL: state: 0.500000,-0.500000,0.014397,0.999985,0.005341,0.000145,-0.005341,0.999980,0.003209,-0.000128,-0.003210,0.999994,0.859734,-1.280076,0.011854,-0.002491,0.000461,-0.003479
actions: 0.854951,-0.512411,0.665788,0.369050
actions: 0.801164,-0.966161,0.431503,-0.033005
PX4RL: state: 0.500000,-0.500000,0.012920,0.999985,0.005365,0.000125,-0.005366,0.999981,0.002900,-0.000110,-0.002900,0.999995,0.866269,-1.295817,-0.004420,0.001630,-0.002504,-0.002054
actions: 0.813078,0.056970,0.680394,0.460605
actions: 0.804778,-0.953552,0.663770,0.137292
PX4RL: state: 0.500000,-0.500000,0.013081,0.999985,0.005366,-0.000001,-0.005366,0.999981,0.002976,0.000017,-0.002976,0.999995,0.870149,-1.294303,-0.000730,0.002430,-0.002683,0.003266
actions: 0.664851,-0.913146,0.373825,0.437422
actions: 0.705219,-0.842065,0.534353,0.176409
PX4RL: state: 0.500000,-0.500000,0.013241,0.999978,0.006539,-0.000115,-0.006538,0.999973,0.003171,0.000135,-0.003170,0.999995,0.867500,-1.285304,0.003273,-0.000895,-0.000645,-0.094219
actions: 0.798482,-0.806292,0.875043,-0.025692
actions: 0.664835,-0.298527,-0.127604,0.683104
PX4RL: state: 0.500000,-0.500000,0.012780,0.999811,0.019428,-0.000302,-0.019427,0.999806,0.003042,0.000361,-0.003035,0.999995,0.885556,-1.263404,-0.002307,-0.007166,0.011647,-0.215301
actions: 0.765506,-0.177577,0.743021,0.072904
actions: 0.767164,0.113668,0.657182,0.355059
PX4RL: state: 0.500000,-0.500000,0.012518,0.999883,0.015240,-0.000747,-0.015238,0.999880,0.002545,0.000786,-0.002534,0.999996,0.821996,-1.309182,-0.000327,0.006464,-0.009661,-0.010969
actions: 0.906915,-0.873066,0.889448,0.093549
actions: 0.920535,-0.490654,0.807775,-0.109609
PX4RL: state: 0.500000,-0.500000,0.019537,0.998455,0.037181,-0.041278,-0.035153,0.998188,0.048832,0.043019,-0.047305,0.997953,1.459259,-1.082213,0.116696,-1.213034,-2.325832,-0.495509
actions: 0.678746,-0.942234,0.581353,0.001402
actions: 0.661101,-0.824061,0.473473,0.333513
PX4RL: state: 0.500000,-0.500000,0.116944,0.995524,-0.027402,-0.090441,0.031697,0.998420,0.046397,0.089026,-0.049056,0.994820,0.164766,-0.021952,0.978973,0.597558,0.548117,1.147346
actions: 0.812791,0.801740,0.484023,0.209388
actions: 0.645244,-0.918382,0.329237,0.311303
PX4RL: state: 0.500000,-0.500000,0.280814,0.976919,-0.070493,0.201638,0.078726,0.996346,-0.033093,-0.198569,0.048204,0.978900,0.253046,0.026785,0.235067,0.227522,0.093137,-0.555142
actions: 0.586838,-0.875598,0.470308,0.409824
actions: 0.932275,-0.725426,0.481458,-0.124830
PX4RL: state: 0.500000,-0.500000,0.277928,0.999165,-0.002995,0.040744,0.001793,0.999562,0.029514,-0.040815,-0.029417,0.998733,0.003939,0.059597,-0.088131,-0.041203,0.114907,-0.489584
PX4RL: STAI network run took 808 us
actions: 0.934065,0.022390,0.963836,0.300898
actions: 0.732358,-0.151657,0.912883,-0.346409
PX4RL: state: 0.500000,-0.500000,0.261291,0.998924,0.019836,0.041899,-0.019300,0.999727,-0.013161,-0.042148,0.012338,0.999035,-0.059880,-0.018928,-0.047564,-0.213221,-0.127306,-0.316124
actions: 0.844727,-0.835208,0.731804,-0.120687
actions: 0.665745,-0.950086,0.285996,0.099556
PX4RL: state: 0.500000,-0.500000,0.251707,0.997963,0.058502,0.025417,-0.059452,0.997494,0.038356,-0.023109,-0.039789,0.998940,-0.100835,-0.009395,-0.066731,-0.117038,-0.145351,-0.093318
actions: 0.810745,-0.886874,0.432873,0.097652
actions: 0.786147,-0.765027,0.758527,-0.093201
PX4RL: state: 0.500000,-0.500000,0.239024,0.999017,0.040371,0.018286,-0.040069,0.999059,-0.016560,-0.018937,0.015811,0.999695,-0.060027,-0.021438,-0.082141,-0.047458,0.036994,0.173204
actions: 0.843096,-0.723209,0.555589,0.039065
actions: 0.672095,-0.301259,0.904897,0.155230
PX4RL: state: 0.500000,-0.500000,0.231103,0.999081,0.021082,0.037299,-0.020576,0.999691,-0.013905,-0.037581,0.013125,0.999207,-0.034194,-0.034015,-0.021068,-0.058252,0.092101,-0.272029
actions: 0.757916,-0.854002,0.286762,0.239024
actions: 0.923405,-0.753189,0.901663,0.527636
PX4RL: state: 0.500000,-0.500000,0.227774,0.995566,0.052501,0.078049,-0.051353,0.998541,-0.016640,-0.078808,0.012558,0.996810,-0.054036,-0.057228,-0.127229,0.011300,0.285915,0.163177
actions: 0.724570,-0.515930,0.819158,-0.161889
actions: 0.883909,0.195673,0.913963,0.405418
PX4RL: state: 0.500000,-0.500000,0.140377,0.996852,0.047908,0.063161,-0.042859,0.995952,-0.079003,-0.066691,0.076047,0.994871,-0.066537,-0.071181,-0.754166,-0.382711,-1.778603,0.266358
actions: 0.883919,-0.812334,0.638768,0.385258
actions: 0.813619,-0.395764,0.379935,-0.133328
PX4RL: state: 0.500000,-0.500000,0.032522,0.991301,0.118091,-0.058100,-0.110747,0.986990,0.116550,0.071108,-0.109101,0.991483,-0.089503,0.067125,-0.151920,0.373153,-0.237734,0.199459
actions: 0.563708,-0.824261,0.610374,-0.061257
actions: 0.880164,-0.678691,0.851433,-0.314170
PX4RL: state: 0.500000,-0.500000,0.018526,0.999140,0.039924,0.011171,-0.040175,0.998924,0.023144,-0.010235,-0.023573,0.999669,-0.057200,0.019153,-0.026571,0.519252,0.148651,0.315162
actions: 0.662585,-0.754407,0.809511,-0.214509
actions: 0.708051,-0.901191,0.510146,0.236922
PX4RL: state: 0.500000,-0.500000,0.022282,0.999992,-0.003724,0.000631,0.003745,0.999318,-0.036713,-0.000494,0.036715,0.999325,-0.112115,-0.044776,0.065506,0.153904,-0.085628,0.091252
actions: 0.714255,-0.563707,0.278427,0.234358
actions: 0.597719,-0.666765,0.277370,0.543819
PX4RL: state: 0.500000,-0.500000,0.088741,0.999684,0.006039,0.024377,-0.004423,0.997821,-0.065818,-0.024721,0.065689,0.997533,-0.033831,-0.058116,0.559244,0.513219,-0.166939,0.303882
PX4RL: STAI network run took 807 us
actions: 0.743780,-0.928383,0.530825,0.160333
actions: 0.744722,-0.611470,0.792775,0.007868
PX4RL: state: 0.500000,-0.500000,0.213774,0.985834,0.010446,0.167398,0.000485,0.997876,-0.065131,-0.167723,0.064290,0.983735,0.136929,-0.092446,0.286394,0.637682,-0.701266,0.072550
actions: 0.886576,-0.880177,0.733859,-0.117598
actions: 0.817941,-0.950253,0.781068,0.075315
PX4RL: state: 0.500000,-0.500000,0.227356,0.997826,0.006286,0.065601,0.001701,0.992650,-0.121008,-0.065879,0.120857,0.990481,0.098692,-0.127172,-0.030855,-0.540847,-0.310217,-0.171452
actions: 0.768692,-0.457558,0.792246,-0.144750
actions: 0.833486,-0.824313,0.686067,-0.250409
PX4RL: state: 0.500000,-0.500000,0.212320,0.994393,0.047077,-0.094690,-0.005899,0.918742,0.394813,0.105582,-0.392041,0.913868,-0.019054,0.253364,-0.068555,-1.002181,0.146552,-0.024313
actions: 0.693006,-0.817740,0.469555,0.104180
actions: 0.850173,-0.667047,0.868650,0.070509
PX4RL: state: 0.500000,-0.500000,0.208703,0.991953,0.065278,-0.108474,-0.025334,0.941840,0.335104,0.124041,-0.329660,0.935915,-0.058313,0.095416,0.051011,-0.116151,0.144296,-0.412181
actions: 0.945317,-0.850715,0.791434,-0.083143
actions: 0.854936,-0.837013,0.399444,-0.024928
PX4RL: state: 0.500000,-0.500000,0.216978,0.984197,0.095478,-0.149125,0.048716,0.663669,0.746437,0.170238,-0.741906,0.648530,0.029749,0.076560,-0.002942,-3.776541,-0.641289,-0.080097
actions: 0.801777,-0.427732,0.792046,0.094016
actions: 0.567916,-0.694829,0.529240,0.460736
PX4RL: state: 0.500000,-0.500000,0.213970,0.966275,0.092909,-0.240166,0.185233,0.397111,0.898881,0.178888,-0.913053,0.366509,0.037369,0.095577,0.024887,1.447366,0.086230,0.174686
actions: 0.816216,-0.974016,0.485128,0.258839
actions: 0.795606,-0.652036,0.802290,-0.225808
PX4RL: state: 0.500000,-0.500000,0.227805,0.968102,0.016034,-0.250039,-0.024437,0.999234,-0.030540,0.249358,0.035676,0.967753,-0.046397,-0.427940,-0.010562,9.203544,0.155077,-1.529895
actions: 0.819829,-0.854487,0.582267,-0.156379
actions: 0.706618,-0.865982,0.681888,0.329076
PX4RL: state: 0.500000,-0.500000,0.189555,0.952211,-0.121169,-0.280377,-0.177242,0.528388,-0.830294,0.248754,0.840310,0.481661,-0.010893,-1.001585,-0.061613,0.091193,0.231806,-0.530106
actions: 0.634296,-0.936789,0.370823,0.354738
actions: 0.627974,0.309552,0.691080,0.579307
PX4RL: state: 0.500000,-0.500000,0.207711,0.967160,-0.027900,-0.252629,-0.174245,0.650831,-0.738955,0.185036,0.758708,0.624596,-0.078358,-0.949828,0.086038,-2.251942,-0.406256,-0.062712
actions: 0.863444,-0.909743,0.595034,0.389810
actions: 0.931137,-0.262742,0.879618,-0.215358
PX4RL: state: 0.500000,-0.500000,0.180515,0.980926,0.032113,-0.191708,0.067501,0.868602,0.490890,0.182282,-0.494467,0.849867,0.142247,0.445466,-0.379389,-5.744774,-1.520947,0.822538
PX4RL: STAI network run took 813 us
actions: 0.810745,-0.886874,0.432874,0.097651
actions: 0.873891,-0.608673,0.656873,-0.155822
PX4RL: state: 0.500000,-0.500000,0.182333,0.947818,0.047246,-0.315290,0.198095,0.687598,0.698545,0.249797,-0.724551,0.642358,-0.018181,0.488517,0.012890,1.570434,0.127469,-0.162795
actions: 0.638785,-0.888468,0.325493,0.342144
actions: 0.254822,-0.747052,0.083798,0.678625
PX4RL: state: 0.500000,-0.500000,0.188884,0.944546,0.059128,-0.323011,0.138949,0.819290,0.556286,0.297532,-0.570320,0.765642,-0.009054,0.304165,0.054949,-0.174469,0.191177,-0.114093
actions: 0.304073,-0.735966,0.382408,0.162736
actions: 0.861967,-0.832191,0.777615,0.437104
PX4RL: state: 0.500000,-0.500000,0.191011,0.956438,0.071798,-0.282966,0.084169,0.860304,0.502784,0.279536,-0.504699,0.816784,0.007914,0.116729,-0.002235,0.365227,0.094244,-0.215444
actions: 0.879606,0.456327,0.792067,0.227670
actions: 0.865167,-0.861974,0.540055,-0.169827
PX4RL: state: 0.500000,-0.500000,0.181621,0.960931,0.034325,-0.274649,0.077306,0.919508,0.385392,0.265771,-0.391568,0.880931,0.029120,-0.042607,0.030830,1.618866,-0.426586,0.303527
actions: 0.891942,-0.492514,0.843073,0.506414
actions: 0.800905,-0.760115,0.447064,0.068652
PX4RL: state: 0.500000,-0.500000,0.258705,0.991369,0.076680,0.106335,-0.111630,0.919055,0.377989,-0.068744,-0.386597,0.919682,0.164494,-0.360178,-0.270340,0.377245,-1.950962,0.472055
actions: 0.582589,-0.967144,0.398048,0.308985
actions: 0.883661,-0.793882,0.460681,0.263800
PX4RL: state: 0.500000,-0.500000,0.266738,0.999021,0.027896,0.034321,-0.040711,0.883279,0.467075,-0.017286,-0.468015,0.883550,0.050323,-0.866578,-0.587366,5.453007,-6.890468,1.996556
actions: 0.706185,-0.843250,0.497709,0.225535
actions: 0.744180,-0.928848,0.532495,0.163101
PX4RL: state: 0.500000,-0.500000,0.227382,0.919339,-0.112340,-0.377086,0.151173,0.985664,0.074915,0.363264,-0.125878,0.923143,0.064650,-0.949828,-0.758142,7.629253,-6.098620,1.517754
actions: 0.898787,0.283214,0.746752,0.234030
actions: 0.487601,-0.927016,0.257412,0.595099
