SYS: ----------------------------
SYS: Crazyflie 2.1 is up and running!
SYS: Build 36:439ad71e9db6 (2025.02 +36) CLEAN
SYS: I am 0x373732373433510D003B0047 and I have 1024KB of flash!
CFGBLK: v1, verification [OK]
DECK_CORE: 1 deck(s) found
DECK_CORE: Calling INIT on driver bcFlow2 for deck 0
ZR2: Z-down sensor [OK]
PMW: Motion chip id: 0x49:0xB6
IMU: BMI088: Using I2C interface.
IMU: BMI088 Gyro connection [OK].
IMU: BMI088 Accel connection [OK]
IMU: BMP388 I2C connection [OK]
ESTIMATOR: Using Kalman (2) estimator
CONTROLLER: Controller type forced
BackpropTools controller init! Checkpoint: 2025_07_04_23_11_18_d-o-a+r+h+c+f+w+e-_000_actor_000000000300000
CONTROLLER: Using OutOfTree (6) controller
MTR-DRV: Using brushed motor driver
SYS: About to run tests in system.c.
SYS: NRF51 version: 2025.02 (CF21)
EEPROM: I2C connection [OK].
STORAGE: Storage check [OK].
IMU: BMI088 gyro self-test [OK]
BackpropTools controller test, abs diff: 0.0
BackpropTools controller: Test action 0: 0.876842
BackpropTools controller: Test action 1: 0.989730
BackpropTools controller: Test action 2: 0.998183
BackpropTools controller: Test action 3: 0.969621
DECK_CORE: Deck 0 test [OK].
SYS: Self test passed!
STAB: Wait for sensor calibration...
SYS: Free heap: 15056 bytes
[host] Connected, use ctrl-c to quit.
STAB: Starting stabilizer loop
ESTKALMAN: State out of boundsstate: 0.0,0.0,0.0,1.0,0.0,0.0,0.0,1.0,0.0,0.0,0.0,1.0,0.0,0.0,0.0,0.005694,0.000479,0.005311
Learned Controller is behind schedule: 16835777us/2000us
, resetting
actions: 0.594795,0.215125,0.549476,0.209306
actions: 0.459930,0.107421,0.409369,0.148161
state: 0.001025,-0.001698,0.010821,0.999999,0.000355,0.000024,-0.000355,0.999999,0.000060,-0.000024,-0.000060,1.0,0.009266,-0.017179,-0.016555,-0.001550,-0.000706,-0.002104
actions: 0.444357,0.095392,0.391402,0.145061
actions: 0.486986,0.170062,0.421837,0.202732
state: 0.003650,-0.006867,0.009304,0.999999,0.000685,0.000204,-0.000685,0.999999,-0.000064,-0.000204,0.000064,1.0,0.018581,-0.034776,-0.006568,0.003439,-0.003235,0.001189
actions: 0.518082,0.170717,0.425619,0.217182
actions: 0.516032,0.138454,0.431044,0.186195
state: 0.008257,-0.015396,0.012569,0.999999,0.001060,0.000515,-0.001060,0.999999,-0.000050,-0.000515,0.000049,0.999999,0.029230,-0.051305,0.007848,0.002771,-0.000712,0.000079
actions: 0.173698,-0.009998,0.198285,0.141863
actions: 0.474346,0.181957,0.427543,0.204101
state: 0.007693,0.013031,0.013270,0.999996,0.001440,-0.002251,-0.001413,0.999931,0.011643,0.002267,-0.011640,0.999929,0.016886,0.029754,0.003357,0.007261,-0.002258,-0.000221
actions: 0.456451,0.189103,0.434037,0.180039
actions: 0.483362,0.111955,0.407097,0.218665
state: 0.010503,0.005746,0.012202,0.999997,0.001829,-0.001295,-0.001822,0.999982,0.005652,0.001305,-0.005650,0.999983,0.026794,-0.010552,-0.003132,-0.001096,-0.000389,-0.002072
actions: 0.639224,0.237177,0.532898,0.245817
actions: 0.448251,0.132672,0.389918,0.170052
state: 0.009392,-0.005395,0.012956,0.999984,0.002161,-0.005176,-0.002147,0.999994,0.002564,0.005181,-0.002553,0.999983,0.001175,-0.046363,0.004283,-0.004949,-0.003067,-0.003442
actions: 0.487002,0.124087,0.412479,0.195412
actions: 0.455346,0.142318,0.403437,0.161767
state: 0.009288,-0.006922,0.012231,0.999980,0.002383,-0.005844,-0.002339,0.999968,0.007564,0.005862,-0.007551,0.999954,-0.004546,-0.020401,0.001409,0.001299,0.002069,-0.005941
actions: 0.538999,0.160098,0.430793,0.195713
actions: 0.491462,0.121876,0.415878,0.194825
state: 0.011273,-0.012604,0.012472,0.999990,0.002721,-0.003515,-0.002696,0.999970,0.007164,0.003534,-0.007155,0.999968,0.008752,-0.025829,0.001739,-0.003088,-0.001349,-0.001609
actions: 0.580454,0.217869,0.507091,0.244328
actions: 0.470418,0.135868,0.404621,0.170386
state: 0.009594,-0.022729,0.014165,0.999983,0.002954,-0.004855,-0.002923,0.999975,0.006309,0.004873,-0.006295,0.999968,-0.003368,-0.041817,0.008046,0.001362,0.000392,-0.002083
actions: 0.444061,0.031519,0.346675,0.184074
STAB: WARNING: stabilizer loop rate is off (994)
actions: 0.479573,0.138905,0.413493,0.198883
state: 0.011089,-0.022260,0.013238,0.999990,0.003195,-0.003115,-0.003158,0.999925,0.011827,0.003152,-0.011817,0.999925,0.007523,-0.004384,0.000722,0.002303,0.001484,0.002180
actions: 0.378361,0.120728,0.362482,0.170536
actions: 0.530000,0.186119,0.460023,0.231417
state: 0.012445,-0.023970,0.013561,0.999989,0.003525,-0.002972,-0.003494,0.999938,0.010539,0.003009,-0.010529,0.999940,0.008842,-0.007693,-0.000600,0.004347,0.000147,-0.001045
actions: 0.518607,0.159989,0.455427,0.223901
actions: 0.466114,0.126884,0.412414,0.200800
state: 0.012360,-0.022306,0.011971,0.999983,0.003788,-0.004200,-0.003736,0.999916,0.012343,0.004247,-0.012327,0.999914,0.002550,0.008068,-0.006695,0.001144,0.001119,-0.001600
actions: 0.447211,0.137903,0.415563,0.159510
actions: 0.382627,0.065614,0.329633,0.203824
state: 0.013225,-0.021207,0.011957,0.999985,0.004099,-0.003568,-0.004043,0.999866,0.015806,0.003632,-0.015791,0.999868,0.007309,0.037690,-0.002991,-0.001390,-0.000195,-0.002183
actions: 0.464925,0.116646,0.404463,0.204960
actions: 0.530762,0.180533,0.453360,0.227133
state: 0.013082,-0.024940,0.012102,0.999981,0.004432,-0.004101,-0.004394,0.999949,0.009069,0.004141,-0.009050,0.999950,0.002728,-0.003266,-0.001343,-0.000066,0.001824,-0.001053
actions: 0.508592,0.175535,0.440210,0.173719
actions: 0.475620,0.125839,0.406160,0.188142
state: 0.011204,-0.034503,0.013180,0.999978,0.004580,-0.004602,-0.004545,0.999960,0.007598,0.004637,-0.007577,0.999960,-0.002041,-0.023301,0.004202,0.001547,0.000143,-0.005016
actions: 0.480019,0.137635,0.416028,0.200429
actions: 0.526343,0.172852,0.456015,0.226230
state: 0.011895,-0.034230,0.012759,0.999980,0.004878,-0.003827,-0.004840,0.999939,0.009926,0.003875,-0.009908,0.999943,0.002592,-0.004725,-0.004014,-0.000839,-0.002805,-0.000507
actions: 0.477403,0.124610,0.404828,0.194436
actions: 0.468271,0.126234,0.407138,0.182081
state: 0.011812,-0.034783,0.012845,0.999980,0.005199,-0.003549,-0.005163,0.999937,0.009870,0.003600,-0.009851,0.999945,0.001681,-0.002277,0.001707,-0.006215,0.003312,-0.004156
actions: 0.492080,0.155276,0.423041,0.198649
actions: 0.439508,0.119165,0.387777,0.165392
state: 0.012303,-0.035088,0.013397,0.999979,0.005438,-0.003445,-0.005403,0.999936,0.009896,0.003499,-0.009877,0.999945,0.003642,-0.000850,0.004375,-0.003520,0.002933,-0.004703
actions: 0.524657,0.169370,0.448332,0.233787
actions: 0.493152,0.141273,0.420358,0.199597
state: 0.013293,-0.035196,0.011981,0.999978,0.005665,-0.003278,-0.005632,0.999936,0.009762,0.003333,-0.009743,0.999946,0.006006,-0.000513,-0.000766,0.000057,0.002488,-0.005787
actions: 0.460871,0.122117,0.400615,0.180490
actions: 0.441209,0.111185,0.382495,0.158814
state: 0.014838,-0.035161,0.014511,0.999977,0.005954,-0.003123,-0.005923,0.999936,0.009612,0.003180,-0.009594,0.999948,0.008568,0.000836,0.009074,-0.001323,0.000658,-0.003582
actions: 0.473750,0.129165,0.404065,0.188883
actions: 0.482323,0.140985,0.405178,0.201567
state: 0.016771,-0.035040,0.013846,0.999976,0.006160,-0.002859,-0.006132,0.999936,0.009447,0.002917,-0.009430,0.999951,0.011095,0.001293,0.001876,0.002002,0.000058,-0.003997
actions: 0.557777,0.175602,0.469160,0.246940
actions: 0.552446,0.177775,0.473279,0.253664
state: 0.019393,-0.034692,0.010974,0.999975,0.006450,-0.002838,-0.006424,0.999937,0.009166,0.002897,-0.009147,0.999954,0.014435,0.002201,-0.008700,-0.006711,-0.000672,-0.001761
actions: 0.512754,0.130536,0.429338,0.192995
actions: 0.485619,0.136336,0.407536,0.196531
state: 0.022560,-0.034319,0.012719,0.999973,0.006692,-0.002905,-0.006665,0.999937,0.009031,0.002965,-0.009011,0.999955,0.016744,0.001032,0.003857,0.000084,-0.003002,-0.003268
actions: 0.446599,0.104659,0.380330,0.166584
actions: 0.543846,0.172852,0.451932,0.242298
state: 0.026267,-0.034220,0.012645,0.999972,0.006906,-0.002799,-0.006881,0.999936,0.008937,0.002861,-0.008918,0.999956,0.020665,0.000016,-0.002618,0.005531,0.000483,-0.004373
actions: 0.497707,0.118031,0.411078,0.197444
actions: 0.496121,0.124714,0.407188,0.200820
state: 0.030716,-0.034289,0.013670,0.999970,0.007142,-0.002691,-0.007119,0.999937,0.008579,0.002752,-0.008559,0.999959,0.023578,-0.001001,0.003337,-0.001068,0.001917,-0.003644
actions: 0.500055,0.135951,0.409544,0.199713
actions: 0.540151,0.156744,0.446935,0.238895
state: 0.035872,-0.034723,0.012804,0.999969,0.007348,-0.002518,-0.007326,0.999937,0.008436,0.002580,-0.008417,0.999961,0.027337,-0.002598,-0.005659,-0.000603,-0.000502,-0.000587
actions: 0.553636,0.149107,0.456195,0.246224
actions: 0.495355,0.110636,0.390681,0.210327
state: 0.041842,-0.035226,0.014028,0.999968,0.007554,-0.002475,-0.007533,0.999936,0.008432,0.002539,-0.008413,0.999961,0.032247,-0.003407,0.004949,-0.001922,-0.002190,-0.003329
actions: 0.529189,0.129427,0.419196,0.218430
actions: 0.591480,0.177979,0.470638,0.267887
state: 0.048897,-0.036387,0.009852,0.999967,0.007810,-0.002269,-0.007791,0.999935,0.008265,0.002333,-0.008247,0.999963,0.036787,-0.006425,-0.015542,0.007825,-0.003753,0.000327
actions: 0.532631,0.114323,0.416559,0.220556
actions: 0.525476,0.107044,0.412962,0.218814
state: 0.056592,-0.037516,0.011346,0.999965,0.008057,-0.002148,-0.008039,0.999934,0.008168,0.002214,-0.008151,0.999964,0.041817,-0.007648,-0.000210,-0.000931,-0.000311,-0.001188
actions: 0.547463,0.113447,0.421366,0.234249
actions: 0.544678,0.112497,0.413425,0.235631
state: 0.065452,-0.039228,0.012090,0.999963,0.008236,-0.002148,-0.008219,0.999934,0.007968,0.002214,-0.007950,0.999965,0.047107,-0.009779,0.002807,-0.001997,0.000216,-0.001175
actions: 0.550784,0.113570,0.414351,0.233750
actions: 0.582925,0.123212,0.436757,0.261192
state: 0.075402,-0.041649,0.012594,0.999961,0.008494,-0.002164,-0.008477,0.999933,0.007859,0.002231,-0.007841,0.999966,0.050740,-0.013040,-0.000177,0.001851,0.003500,0.000220
actions: 0.596461,0.128833,0.447110,0.260477
actions: 0.559096,0.080158,0.395312,0.230993
state: 0.085993,-0.044442,0.012489,0.999959,0.008758,-0.002004,-0.008742,0.999931,0.007763,0.002071,-0.007745,0.999967,0.055217,-0.015363,0.002547,0.001184,0.004729,-0.000351
actions: 0.665875,0.163384,0.474396,0.335948
actions: 0.619153,0.127180,0.442570,0.281057
state: 0.097939,-0.048088,0.010700,0.999958,0.008968,-0.001782,-0.008955,0.999931,0.007503,0.001849,-0.007486,0.999970,0.061293,-0.018324,-0.005714,-0.001328,0.001209,-0.000983
actions: 0.600136,0.098595,0.423182,0.259821
actions: 0.614821,0.103509,0.428608,0.279291
state: 0.110514,-0.051810,0.012113,0.999956,0.009149,-0.001808,-0.009135,0.999930,0.007403,0.001876,-0.007386,0.999971,0.065363,-0.021689,-0.000161,-0.003024,0.003024,-0.001363
actions: 0.628909,0.099838,0.435537,0.277943
actions: 0.571588,0.054854,0.383338,0.224535
state: 0.123974,-0.056373,0.012232,0.999955,0.009333,-0.001674,-0.009321,0.999929,0.007395,0.001743,-0.007379,0.999971,0.069646,-0.024814,0.002564,0.001910,-0.004016,-0.002240
actions: 0.633154,0.090493,0.420860,0.285196
actions: 0.623915,0.080940,0.401558,0.267995
state: 0.137959,-0.060949,0.015444,0.999954,0.009420,-0.001639,-0.009408,0.999928,0.007315,0.001708,-0.007300,0.999971,0.074303,-0.028054,0.014032,0.001268,0.005639,-0.003988
actions: 0.722675,0.135093,0.483892,0.354575
actions: 0.697628,0.100384,0.456665,0.313822
state: 0.155008,-0.069008,0.010942,0.999952,0.009603,-0.001457,-0.009592,0.999928,0.007096,0.001525,-0.007082,0.999973,0.082081,-0.033570,-0.009570,0.000263,0.001293,-0.002908
actions: 0.688058,0.077570,0.443411,0.300539
actions: 0.709579,0.091627,0.456790,0.306833
state: 0.171997,-0.075971,0.010087,0.999951,0.009756,-0.001453,-0.009745,0.999926,0.007186,0.001523,-0.007172,0.999973,0.089176,-0.037684,-0.006651,0.001320,-0.007050,0.000615
actions: 0.675362,0.058979,0.415650,0.285636
actions: 0.711347,0.066291,0.437267,0.320230
state: 0.189936,-0.083220,0.012135,0.999950,0.009869,-0.001409,-0.009859,0.999926,0.007124,0.001479,-0.007110,0.999973,0.095191,-0.041287,0.002276,-0.004565,-0.000195,-0.001501
actions: 0.698978,0.051301,0.416126,0.304353
actions: 0.783044,0.110332,0.476758,0.387967
state: 0.209990,-0.092657,0.011686,0.999948,0.010035,-0.001244,-0.010026,0.999925,0.006971,0.001314,-0.006958,0.999974,0.100269,-0.045780,-0.006372,-0.001426,-0.000725,-0.007365
actions: 0.767694,0.078762,0.459777,0.347454
actions: 0.765803,0.057236,0.436879,0.338542
state: 0.229942,-0.101263,0.013026,0.999947,0.010212,-0.001184,-0.010204,0.999923,0.006985,0.001255,-0.006973,0.999974,0.105819,-0.050640,0.002942,0.001691,-0.000171,-0.003761
actions: 0.803294,0.071854,0.465435,0.361896
actions: 0.757825,0.024759,0.412675,0.316357
state: 0.251180,-0.110937,0.013615,0.999945,0.010407,-0.001080,-0.010399,0.999922,0.006869,0.001151,-0.006858,0.999975,0.112280,-0.053955,0.008804,-0.002838,-0.004374,-0.002717
actions: 0.838792,0.079191,0.475474,0.395480
actions: 0.835743,0.064750,0.457897,0.384208
state: 0.275307,-0.123589,0.012537,0.999944,0.010474,-0.000931,-0.010467,0.999921,0.006908,0.001004,-0.006897,0.999975,0.118972,-0.059069,0.001292,0.004287,0.002991,-0.003394
actions: 0.868796,0.066931,0.474872,0.398909
actions: 0.836949,0.023067,0.422993,0.352562
state: 0.299106,-0.134722,0.012046,0.999942,0.010689,-0.000790,-0.010683,0.999919,0.006848,0.000863,-0.006839,0.999976,0.124741,-0.062543,0.005913,-0.002740,-0.001073,-0.004113
actions: 0.879314,0.068355,0.458693,0.421288
actions: 0.917864,0.083981,0.476921,0.451627
state: 0.326064,-0.150044,0.011928,0.999940,0.010847,-0.000822,-0.010841,0.999917,0.006847,0.000897,-0.006838,0.999976,0.132530,-0.069716,-0.002825,0.001305,0.000645,0.000283
actions: 0.910024,0.032102,0.447339,0.410972
actions: 0.925111,0.031587,0.436204,0.429973
state: 0.352107,-0.162570,0.013302,0.999939,0.010925,-0.000849,-0.010919,0.999917,0.006776,0.000923,-0.006766,0.999976,0.139282,-0.073458,0.004954,-0.001013,0.001721,-0.004177
actions: 0.949690,0.072186,0.460321,0.472006
actions: 0.971682,0.065040,0.461789,0.489468
state: 0.382535,-0.180302,0.011921,0.999938,0.011037,-0.000929,-0.011030,0.999916,0.006789,0.001004,-0.006779,0.999976,0.146905,-0.079447,-0.002602,-0.002673,0.002305,-0.000861
actions: 0.984024,0.096212,0.460948,0.511872
actions: 0.988066,0.075702,0.448226,0.510416
state: 0.412285,-0.195994,0.011909,0.999938,0.011080,-0.000948,-0.011073,0.999916,0.006732,0.001022,-0.006721,0.999976,0.153963,-0.082740,-0.000734,-0.004296,-0.002862,-0.000497
actions: 0.990888,0.063521,0.419104,0.504730
actions: 0.997673,0.085062,0.420332,0.533706
state: 0.442769,-0.212111,0.013371,0.999936,0.011222,-0.000949,-0.011216,0.999915,0.006622,0.001024,-0.006611,0.999977,0.158805,-0.087092,0.002764,0.001658,0.001290,-0.002618
actions: 0.999320,0.074609,0.402554,0.536433
actions: 0.999999,0.107269,0.394086,0.571517
state: 0.477348,-0.232728,0.012634,0.999936,0.011268,-0.000918,-0.011262,0.999915,0.006552,0.000991,-0.006541,0.999978,0.167242,-0.093261,-0.002001,-0.001557,-0.002646,-0.001669
actions: 1.0,0.074450,0.373891,0.558728
actions: 1.0,0.173501,0.384022,0.592294
state: 0.500000,-0.254556,0.011561,0.999934,0.011428,-0.000850,-0.011422,0.999914,0.006295,0.000922,-0.006285,0.999979,0.174870,-0.099826,-0.007427,0.005106,-0.000888,0.002715
actions: 1.0,0.133347,0.370391,0.567773
actions: 1.0,0.175135,0.365784,0.582934
state: 0.500000,-0.277591,0.010424,0.999932,0.011611,-0.000746,-0.011606,0.999914,0.006102,0.000817,-0.006093,0.999981,0.181197,-0.106158,-0.008978,0.002303,0.000048,-0.002139
actions: 1.0,0.103120,0.353300,0.546636
actions: 1.0,0.161838,0.344711,0.576620
state: 0.500000,-0.293167,0.012220,0.999930,0.011782,-0.000788,-0.011777,0.999912,0.005979,0.000859,-0.005970,0.999981,0.186634,-0.109974,-0.001393,-0.002370,0.001622,-0.006549
actions: 1.0,0.165214,0.342359,0.559468
actions: 1.0,0.176406,0.331407,0.558964
state: 0.500000,-0.313245,0.013575,0.999929,0.011874,-0.000652,-0.011870,0.999912,0.005886,0.000722,-0.005878,0.999982,0.192801,-0.115163,0.003736,0.000963,-0.001413,0.000429
actions: 1.0,0.242116,0.331081,0.577631
actions: 1.0,0.200107,0.322473,0.558357
state: 0.500000,-0.338170,0.011685,0.999927,0.012072,-0.000464,-0.012069,0.999910,0.005837,0.000534,-0.005831,0.999982,0.200542,-0.121393,-0.000635,-0.002844,-0.000185,0.001238
actions: 1.0,0.232941,0.311558,0.571700
actions: 1.0,0.260019,0.302688,0.568333
state: 0.500000,-0.362355,0.012027,0.999925,0.012167,-0.000500,-0.012164,0.999909,0.005744,0.000570,-0.005738,0.999983,0.208206,-0.126967,-0.001057,0.001344,0.000896,-0.000686
actions: 1.0,0.235505,0.286710,0.563255
actions: 1.0,0.259936,0.291222,0.560871
state: 0.500000,-0.386908,0.012755,0.999923,0.012327,-0.000267,-0.012326,0.999908,0.005520,0.000335,-0.005516,0.999984,0.215172,-0.133335,0.000726,-0.001575,0.002072,-0.001671
actions: 1.0,0.266428,0.275750,0.545784
actions: 1.0,0.296426,0.272040,0.550473
state: 0.500000,-0.411632,0.013398,0.999922,0.012432,-0.000186,-0.012431,0.999908,0.005423,0.000253,-0.005420,0.999985,0.223142,-0.139004,0.003637,0.002249,0.002797,-0.002383
actions: 1.0,0.333324,0.262031,0.570499
actions: 1.0,0.333623,0.264524,0.566548
state: 0.500000,-0.443998,0.012673,0.999921,0.012564,-0.000176,-0.012563,0.999907,0.005251,0.000242,-0.005248,0.999986,0.232345,-0.146845,-0.001317,0.002386,0.000457,0.000834
actions: 1.0,0.330879,0.246193,0.563501
actions: 1.0,0.224604,0.277733,0.566165
state: 0.500000,-0.459989,0.012540,0.999918,0.012735,-0.000139,-0.012734,0.999905,0.005134,0.000205,-0.005132,0.999986,0.237861,-0.149649,0.001713,-0.000160,-0.001076,-0.000455
actions: 1.0,0.373373,0.233579,0.568501
actions: 1.0,0.384551,0.231717,0.569587
state: 0.500000,-0.498900,0.010416,0.999918,0.012745,-0.000176,-0.012743,0.999905,0.005064,0.000240,-0.005062,0.999987,0.247275,-0.159848,-0.006382,-0.001135,0.004060,0.000059
actions: 1.0,0.385007,0.245616,0.583144
actions: 1.0,0.407584,0.236416,0.595096
state: 0.500000,-0.500000,0.009389,0.999917,0.012811,-0.000011,-0.012811,0.999905,0.005081,0.000076,-0.005081,0.999987,0.256408,-0.169624,-0.009486,0.000324,-0.001240,-0.006570
actions: 1.0,0.349466,0.225015,0.554131
actions: 1.0,0.387376,0.224988,0.570981
state: 0.500000,-0.500000,0.011174,0.999917,0.012884,0.000055,-0.012884,0.999904,0.004935,0.000008,-0.004935,0.999987,0.263898,-0.174245,-0.002059,0.001757,0.001886,-0.001903
actions: 1.0,0.354449,0.214795,0.555642
actions: 1.0,0.363229,0.213620,0.556098
state: 0.500000,-0.500000,0.010746,0.999916,0.012908,0.000067,-0.012908,0.999903,0.005137,-0.000001,-0.005138,0.999986,0.271718,-0.180011,0.003532,-0.001717,-0.002134,-0.002400
actions: 1.0,0.374174,0.209871,0.561746
actions: 1.0,0.366271,0.214540,0.563625
state: 0.500000,-0.500000,0.013071,0.999914,0.013068,0.000121,-0.013068,0.999901,0.005206,-0.000053,-0.005208,0.999986,0.280844,-0.186865,0.011597,-0.001170,-0.001196,-0.001262
actions: 1.0,0.385727,0.219048,0.575175
actions: 1.0,0.394246,0.207357,0.589925
state: 0.500000,-0.500000,0.013216,0.999914,0.013089,0.000288,-0.013090,0.999900,0.005178,-0.000220,-0.005181,0.999986,0.292610,-0.198187,-0.000132,0.001153,-0.000272,-0.003348
actions: 1.0,0.400592,0.211746,0.596768
actions: 1.0,0.387541,0.205892,0.576433
state: 0.500000,-0.500000,0.012181,0.999912,0.013192,0.000417,-0.013194,0.999900,0.005075,-0.000350,-0.005081,0.999987,0.303532,-0.206407,-0.004471,0.004058,-0.002925,0.001069
actions: 1.0,0.365764,0.205450,0.564548
actions: 1.0,0.350122,0.197038,0.559525
state: 0.500000,-0.500000,0.013525,0.999911,0.013307,0.000259,-0.013308,0.999898,0.005142,-0.000190,-0.005145,0.999986,0.304068,-0.203290,0.009327,-0.003512,0.005300,-0.002528
actions: 1.0,0.378972,0.194766,0.573871
actions: 1.0,0.405043,0.226102,0.600049
state: 0.500000,-0.500000,0.013762,0.999909,0.013454,0.000329,-0.013456,0.999895,0.005200,-0.000259,-0.005204,0.999986,0.313820,-0.212411,0.002455,-0.004118,0.002508,-0.002536
actions: 1.0,0.400936,0.203804,0.591936
actions: 1.0,0.397647,0.196317,0.590914
state: 0.500000,-0.500000,0.011786,0.999907,0.013597,0.000214,-0.013598,0.999893,0.005310,-0.000141,-0.005312,0.999985,0.322637,-0.221913,-0.006146,-0.001246,0.000588,-0.002358
actions: 1.0,0.398474,0.189446,0.589761
actions: 1.0,0.405407,0.197366,0.601383
state: 0.500000,-0.500000,0.010858,0.999906,0.013674,0.000115,-0.013674,0.999892,0.005375,-0.000042,-0.005376,0.999985,0.327499,-0.225260,-0.008661,-0.000934,0.001184,0.000712
actions: 1.0,0.395018,0.189801,0.594511
actions: 1.0,0.376998,0.186565,0.577687
state: 0.500000,-0.500000,0.011211,0.999905,0.013753,0.000297,-0.013754,0.999891,0.005372,-0.000223,-0.005375,0.999985,0.334705,-0.230741,0.001508,-0.002184,0.005311,0.003450
actions: 1.0,0.367162,0.181862,0.571246
actions: 1.0,0.407088,0.187972,0.594548
state: 0.500000,-0.500000,0.012376,0.999903,0.013912,0.000410,-0.013914,0.999889,0.005251,-0.000337,-0.005257,0.999986,0.342992,-0.239083,0.001800,-0.001984,0.001772,-0.002122
actions: 1.0,0.420212,0.187232,0.611012
actions: 1.0,0.394109,0.177608,0.598551
state: 0.500000,-0.500000,0.011493,0.999902,0.013974,0.000565,-0.013976,0.999890,0.004948,-0.000496,-0.004955,0.999987,0.353867,-0.249420,-0.002748,-0.002018,0.001379,-0.004332
actions: 1.0,0.362456,0.166342,0.573817
actions: 1.0,0.383485,0.170821,0.577100
state: 0.500000,-0.500000,0.014147,0.999901,0.014063,0.000450,-0.014065,0.999888,0.004997,-0.000380,-0.005003,0.999987,0.357981,-0.248659,0.008285,0.000790,-0.002001,-0.004388
actions: 1.0,0.383365,0.170758,0.579130
actions: 1.0,0.409270,0.171793,0.596429
state: 0.500000,-0.500000,0.013049,0.999899,0.014165,0.000583,-0.014168,0.999887,0.004851,-0.000515,-0.004858,0.999988,0.372967,-0.263842,-0.001633,0.003819,-0.006786,-0.003694
actions: 1.0,0.427452,0.161958,0.617897
actions: 1.0,0.397547,0.162158,0.597259
state: 0.500000,-0.500000,0.011941,0.999897,0.014309,0.000622,-0.014312,0.999887,0.004505,-0.000558,-0.004513,0.999989,0.383179,-0.275512,-0.004487,-0.001704,0.003501,0.000833
actions: 1.0,0.399370,0.155923,0.600222
actions: 1.0,0.413320,0.162538,0.605653
state: 0.500000,-0.500000,0.011890,0.999896,0.014401,0.000581,-0.014403,0.999886,0.004457,-0.000517,-0.004465,0.999989,0.389282,-0.278348,-0.004933,-0.000513,-0.003872,-0.000734
actions: 1.0,0.398056,0.149715,0.597624
actions: 1.0,0.407779,0.152107,0.609141
state: 0.500000,-0.500000,0.011221,0.999893,0.014573,0.000576,-0.014576,0.999884,0.004314,-0.000513,-0.004322,0.999990,0.396749,-0.284244,-0.002713,-0.001976,0.004450,-0.002344
actions: 1.0,0.395830,0.147571,0.596018
actions: 1.0,0.412497,0.156347,0.617873
state: 0.500000,-0.500000,0.012192,0.999891,0.014702,0.000737,-0.014705,0.999882,0.004293,-0.000673,-0.004303,0.999990,0.407425,-0.291120,0.001574,-0.005062,-0.000085,-0.003636
actions: 1.0,0.418586,0.146879,0.610107
actions: 1.0,0.405982,0.145843,0.607559
state: 0.500000,-0.500000,0.012032,0.999890,0.014759,0.000703,-0.014762,0.999881,0.004273,-0.000640,-0.004283,0.999990,0.415896,-0.297947,0.001032,0.001626,-0.000805,0.001290
actions: 1.0,0.410150,0.141515,0.608921
actions: 1.0,0.374479,0.133916,0.584855
state: 0.500000,-0.500000,0.014409,0.999888,0.014916,0.000630,-0.014919,0.999879,0.004307,-0.000565,-0.004316,0.999990,0.422556,-0.302251,0.013862,-0.001907,-0.002776,-0.000295
actions: 1.0,0.427185,0.129896,0.614607
actions: 1.0,0.411927,0.137762,0.615949
state: 0.500000,-0.500000,0.011105,0.999887,0.014971,0.000894,-0.014975,0.999878,0.004362,-0.000829,-0.004375,0.999990,0.431546,-0.315743,-0.006467,-0.001054,0.004034,-0.001841
actions: 1.0,0.387634,0.130273,0.598543
actions: 1.0,0.420623,0.146837,0.614306
state: 0.500000,-0.500000,0.012081,0.999887,0.015003,0.000910,-0.015007,0.999877,0.004409,-0.000844,-0.004422,0.999989,0.439226,-0.316103,-0.001651,-0.002191,-0.005850,0.000667
actions: 1.0,0.424559,0.138087,0.621079
actions: 1.0,0.412402,0.129241,0.613362
state: 0.500000,-0.500000,0.013383,0.999884,0.015133,0.001020,-0.015137,0.999876,0.004280,-0.000955,-0.004295,0.999990,0.450392,-0.325920,0.001912,-0.002735,-0.001401,-0.000577
actions: 1.0,0.389626,0.153401,0.602224
actions: 1.0,0.403390,0.125436,0.614701
state: 0.500000,-0.500000,0.012136,0.999884,0.015169,0.001197,-0.015174,0.999875,0.004315,-0.001131,-0.004332,0.999990,0.455241,-0.326870,-0.001052,-0.002396,-0.000333,-0.003392
actions: 1.0,0.399999,0.122495,0.610997
actions: 1.0,0.415372,0.114865,0.615947
state: 0.500000,-0.500000,0.011552,0.999882,0.015278,0.001243,-0.015284,0.999872,0.004535,-0.001173,-0.004553,0.999989,0.465902,-0.334866,-0.000790,0.005156,-0.000245,0.000921
actions: 1.0,0.425107,0.124441,0.628556
actions: 1.0,0.422875,0.114291,0.626282
state: 0.500000,-0.500000,0.012759,0.999881,0.015335,0.001293,-0.015341,0.999872,0.004514,-0.001224,-0.004533,0.999989,0.477082,-0.343634,0.002241,0.000056,-0.001328,-0.000521
actions: 1.0,0.425724,0.111476,0.629156
actions: 1.0,0.416319,0.097067,0.619075
state: 0.500000,-0.500000,0.013290,0.999882,0.015321,0.001138,-0.015326,0.999871,0.004622,-0.001067,-0.004639,0.999988,0.484646,-0.347456,0.002678,0.007035,0.001545,-0.001018
actions: 1.0,0.402369,0.095990,0.615384
actions: 1.0,0.414693,0.112310,0.624032
state: 0.500000,-0.500000,0.012897,0.999880,0.015446,0.001184,-0.015451,0.999870,0.004482,-0.001115,-0.004500,0.999989,0.494500,-0.356030,-0.000377,-0.002503,-0.004704,-0.001643
actions: 1.0,0.400864,0.101903,0.624811
actions: 1.0,0.414768,0.102992,0.625147
state: 0.500000,-0.500000,0.012855,0.999879,0.015439,0.001319,-0.015445,0.999870,0.004439,-0.001251,-0.004459,0.999989,0.504440,-0.363768,-0.000255,-0.000370,-0.000250,0.002056
actions: 1.0,0.435794,0.090420,0.640918
actions: 1.0,0.428082,0.098977,0.636327
state: 0.500000,-0.500000,0.010819,0.999878,0.015508,0.001454,-0.015514,0.999870,0.004389,-0.001386,-0.004411,0.999989,0.519801,-0.381118,-0.007252,0.001522,-0.000534,0.000577
actions: 1.0,0.431357,0.089496,0.640046
actions: 1.0,0.415013,0.089286,0.627113
state: 0.500000,-0.500000,0.011822,0.999876,0.015624,0.001450,-0.015631,0.999866,0.004670,-0.001377,-0.004692,0.999988,0.526296,-0.378996,0.003327,0.000406,-0.001027,0.002140
actions: 1.0,0.402813,0.079118,0.625810
actions: 1.0,0.408043,0.077528,0.627919
state: 0.500000,-0.500000,0.013928,0.999877,0.015582,0.001350,-0.015588,0.999867,0.004659,-0.001278,-0.004680,0.999988,0.535314,-0.381193,0.011720,0.001883,0.001645,-0.001614
actions: 1.0,0.421777,0.073433,0.639565
actions: 1.0,0.442757,0.076354,0.644988
state: 0.500000,-0.500000,0.012113,0.999876,0.015647,0.001655,-0.015654,0.999866,0.004582,-0.001583,-0.004607,0.999988,0.551937,-0.403743,-0.002649,0.001591,-0.004287,-0.004171
actions: 1.0,0.447108,0.071193,0.656960
actions: 1.0,0.426550,0.080702,0.644360
state: 0.500000,-0.500000,0.011306,0.999874,0.015798,0.001387,-0.015804,0.999863,0.004729,-0.001312,-0.004750,0.999987,0.554470,-0.395946,-0.002223,-0.002439,-0.000539,-0.005608
actions: 1.0,0.422858,0.072442,0.641665
actions: 1.0,0.400621,0.051064,0.634367
state: 0.500000,-0.500000,0.014429,0.999873,0.015868,0.001354,-0.015874,0.999863,0.004598,-0.001281,-0.004619,0.999988,0.574325,-0.412766,0.013070,-0.006322,0.003006,-0.001437
actions: 1.0,0.429891,0.060704,0.647593
actions: 1.0,0.436724,0.061707,0.656196
state: 0.500000,-0.500000,0.011741,0.999873,0.015864,0.001517,-0.015871,0.999863,0.004561,-0.001444,-0.004584,0.999988,0.588966,-0.429401,-0.004227,-0.005420,-0.003031,-0.004932
actions: 1.0,0.424577,0.113053,0.658939
actions: 1.0,0.442167,0.092901,0.660819
state: 0.500000,-0.500000,0.012401,0.999872,0.015938,0.001247,-0.015944,0.999861,0.004737,-0.001171,-0.004756,0.999988,0.580246,-0.410417,-0.001088,0.004612,-0.006214,-0.004631
actions: 1.0,0.444821,0.086685,0.659523
actions: 1.0,0.429570,0.060373,0.651855
state: 0.500000,-0.500000,0.010630,0.999871,0.015982,0.001165,-0.015988,0.999861,0.004574,-0.001092,-0.004593,0.999988,0.585041,-0.414649,-0.005282,0.002982,0.001006,0.001406
actions: 1.0,0.414895,0.049235,0.646482
actions: 1.0,0.411991,0.056204,0.647951
state: 0.500000,-0.500000,0.012344,0.999870,0.016035,0.001071,-0.016040,0.999860,0.004710,-0.000995,-0.004727,0.999988,0.595524,-0.415266,0.006063,-0.002006,0.001451,-0.006221
actions: 1.0,0.421810,0.048316,0.647202
actions: 1.0,0.430496,0.053286,0.655854
state: 0.500000,-0.500000,0.011852,0.999870,0.016058,0.001068,-0.016062,0.999860,0.004675,-0.000993,-0.004692,0.999988,0.605341,-0.426043,-0.000450,-0.001732,0.001118,-0.003610
actions: 1.0,0.433528,0.051412,0.658439
actions: 1.0,0.432299,0.046670,0.661766
state: 0.500000,-0.500000,0.012062,0.999869,0.016094,0.001039,-0.016098,0.999859,0.004637,-0.000965,-0.004653,0.999988,0.614214,-0.428017,-0.000983,0.002002,-0.001295,-0.001280
actions: 1.0,0.432843,0.046542,0.655289
actions: 1.0,0.416267,0.044664,0.658574
state: 0.500000,-0.500000,0.012608,0.999868,0.016207,0.001037,-0.016212,0.999858,0.004454,-0.000965,-0.004470,0.999989,0.624623,-0.433030,0.001003,-0.000850,-0.000376,-0.002583
actions: 1.0,0.440600,0.036765,0.663062
actions: 1.0,0.437421,0.035166,0.669503
state: 0.500000,-0.500000,0.009607,0.999868,0.016211,0.001013,-0.016216,0.999858,0.004408,-0.000941,-0.004424,0.999989,0.641517,-0.457069,-0.009322,-0.000734,0.002671,-0.002397
actions: 1.0,0.419869,0.037715,0.660186
actions: 1.0,0.421583,0.002621,0.650018
state: 0.500000,-0.500000,0.011446,0.999866,0.016303,0.000911,-0.016307,0.999856,0.004568,-0.000836,-0.004582,0.999989,0.651850,-0.457079,0.006231,0.002955,-0.001854,-0.002328
actions: 1.0,0.421526,0.031361,0.658492
actions: 1.0,0.437312,0.015996,0.669678
state: 0.500000,-0.500000,0.012689,0.999865,0.016388,0.001058,-0.016393,0.999855,0.004475,-0.000984,-0.004492,0.999989,0.666193,-0.474378,0.004588,0.001417,0.001616,-0.002654
actions: 1.0,0.429615,0.011912,0.672743
actions: 1.0,0.443476,0.001342,0.669245
state: 0.500000,-0.500000,0.011900,0.999864,0.016382,0.001322,-0.016387,0.999857,0.004131,-0.001254,-0.004152,0.999990,0.686035,-0.506867,-0.003897,0.002789,0.004254,-0.003319
actions: 1.0,0.429931,0.020670,0.671383
actions: 1.0,0.445959,0.009867,0.671849
state: 0.500000,-0.500000,0.011703,0.999865,0.016369,0.001321,-0.016375,0.999856,0.004282,-0.001251,-0.004303,0.999989,0.688284,-0.500673,-0.003381,0.000713,-0.000854,-0.003265
actions: 1.0,0.426880,0.021896,0.680066
actions: 1.0,0.431559,0.012921,0.678104
state: 0.500000,-0.500000,0.012332,0.999865,0.016357,0.001236,-0.016362,0.999855,0.004619,-0.001160,-0.004639,0.999988,0.692733,-0.488824,0.003359,0.000059,0.000707,-0.003235
actions: 1.0,0.435844,0.031358,0.685130
actions: 1.0,0.433160,0.020688,0.681774
state: 0.500000,-0.500000,0.010603,0.999865,0.016375,0.001129,-0.016380,0.999854,0.004835,-0.001049,-0.004853,0.999987,0.684501,-0.467123,-0.005396,-0.001645,0.001254,-0.000911
actions: 1.0,0.407254,0.013508,0.670773
actions: 1.0,0.413092,0.021916,0.685547
state: 0.500000,-0.500000,0.014482,0.999865,0.016348,0.001261,-0.016354,0.999855,0.004686,-0.001184,-0.004706,0.999988,0.707563,-0.491885,0.011160,-0.001770,-0.001177,0.002050
actions: 1.0,0.440020,-0.002441,0.684278
actions: 1.0,0.452326,-0.031340,0.678834
state: 0.500000,-0.500000,0.011842,0.999865,0.016281,0.001755,-0.016289,0.999858,0.004097,-0.001688,-0.004125,0.999990,0.748067,-0.567189,-0.004543,0.000915,0.003002,-0.000493
actions: 1.0,0.412671,0.066321,0.694358
actions: 1.0,0.362372,0.246469,0.709995
state: 0.500000,-0.500000,0.011282,0.999864,0.016439,0.000319,-0.016440,0.999841,0.006906,-0.000205,-0.006910,0.999976,0.570608,-0.231916,-0.012734,-0.002252,-0.002371,-0.002152
actions: 1.0,0.464657,-0.047010,0.669903
actions: 1.0,0.450108,-0.113217,0.653110
state: 0.500000,-0.500000,0.012480,0.999861,0.016430,0.002476,-0.016437,0.999861,0.002553,-0.002434,-0.002593,0.999993,0.854054,-0.742703,-0.001658,-0.002731,0.006374,-0.002608
actions: 1.0,0.486026,-0.145487,0.734049
actions: 1.0,0.433309,0.260506,0.770703
state: 0.500000,-0.500000,0.012421,0.999863,0.016420,0.001648,-0.016427,0.999855,0.004330,-0.001577,-0.004357,0.999989,0.766200,-0.563027,0.001789,-0.002156,-0.001709,-0.000806
actions: 1.0,0.507069,-0.080808,0.747319
actions: 1.0,0.448189,-0.036492,0.679030
state: 0.500000,-0.500000,0.011248,0.999863,0.016387,0.002064,-0.016394,0.999858,0.003859,-0.002000,-0.003893,0.999990,0.799769,-0.613964,-0.003607,-0.000576,-0.001025,-0.005686
actions: 1.0,0.457619,-0.167496,0.639826
actions: 1.0,0.484207,-0.264783,0.640541
state: 0.500000,-0.500000,0.011318,0.999857,0.016513,0.003396,-0.016516,0.999863,0.000909,-0.003380,-0.000964,0.999993,0.980979,-0.981729,-0.005847,0.000147,0.001886,-0.002386
actions: 1.0,0.494403,-0.141495,0.702389
actions: 1.0,0.495639,-0.147661,0.691522
state: 0.500000,-0.500000,0.012531,0.999859,0.016558,0.002730,-0.016566,0.999858,0.002773,-0.002684,-0.002818,0.999992,0.907773,-0.791908,0.001728,0.001453,0.000096,-0.004029
actions: 1.0,0.462960,-0.203414,0.649785
actions: 1.0,0.483253,-0.163934,0.674428
state: 0.500000,-0.500000,0.013106,0.999857,0.016647,0.002760,-0.016653,0.999858,0.002188,-0.002723,-0.002234,0.999993,0.924217,-0.868779,0.001621,0.000675,0.004210,-0.001408
actions: 1.0,0.424036,-0.169752,0.757734
actions: 1.0,0.355748,-0.205667,0.829166
state: 0.500000,-0.500000,0.011533,0.999852,0.016692,0.004065,-0.016705,0.999855,0.003288,-0.004010,-0.003356,0.999986,1.076330,-0.744782,-0.005302,0.000290,0.001326,0.000065
actions: 1.0,0.197598,-0.266727,0.873547
actions: 1.0,0.544346,-0.124123,0.688524
state: 0.500000,-0.500000,0.010799,0.999857,0.016706,0.002516,-0.016712,0.999857,0.002378,-0.002476,-0.002420,0.999994,0.901044,-0.861992,-0.001083,-0.004795,0.002184,-0.000738
actions: 1.0,-0.208918,-0.393258,0.970546
actions: 1.0,0.478596,-0.256480,0.753634
state: 0.500000,-0.500000,0.013425,0.999851,0.016778,0.004032,-0.016792,0.999852,0.003497,-0.003973,-0.003564,0.999985,1.126779,-0.755819,0.008378,0.000834,-0.003506,-0.000015
actions: 1.0,0.482141,-0.176575,0.694911
actions: 1.0,0.555272,-0.117697,0.660408
state: 0.500000,-0.500000,0.012103,0.999853,0.016799,0.003277,-0.016809,0.999854,0.003056,-0.003226,-0.003110,0.999989,1.028572,-0.810553,0.002344,0.000334,-0.000591,0.000834
actions: 1.0,0.752847,0.020203,0.167027
actions: 1.0,0.614225,-0.121610,0.576884
state: 0.500000,-0.500000,0.010519,0.999856,0.016881,0.001487,-0.016884,0.999855,0.001955,-0.001454,-0.001980,0.999997,0.803153,-0.940370,-0.007438,0.002059,0.000612,-0.000058
actions: 1.0,0.412903,-0.226515,0.733207
actions: 1.0,0.410361,-0.249618,0.757071
state: 0.500000,-0.500000,0.011600,0.999847,0.016946,0.004308,-0.016960,0.999850,0.003440,-0.004249,-0.003513,0.999984,1.181078,-0.752409,-0.000700,-0.001355,-0.000036,-0.002446
actions: 1.0,0.646209,-0.051137,0.414714
actions: 1.0,0.584093,-0.051828,0.545547
state: 0.500000,-0.500000,0.013504,0.999856,0.016922,-0.000078,-0.016922,0.999855,0.001414,0.000102,-0.001413,0.999999,0.645334,-1.034672,0.000577,-0.003162,-0.000606,0.000724
actions: 1.0,0.594384,-0.090651,0.574782
actions: 1.0,0.674373,-0.007830,0.496492
state: 0.500000,-0.500000,0.010966,0.999855,0.016957,-0.001122,-0.016956,0.999856,0.000525,0.001130,-0.000506,0.999999,0.482175,-1.129898,-0.008294,0.000079,0.002659,-0.001997
actions: 1.0,0.442730,-0.225192,0.718802
actions: 1.0,0.641816,-0.139558,0.636967
state: 0.500000,-0.500000,0.013066,0.999855,0.017014,0.000410,-0.017015,0.999854,0.001434,-0.000386,-0.001441,0.999998,0.665375,-1.044921,0.005144,0.000208,-0.004462,-0.003815
actions: 1.0,0.538713,-0.114503,0.600070
actions: 1.0,0.553671,-0.155989,0.625792
state: 0.500000,-0.500000,0.013393,0.999853,0.017109,0.000486,-0.017109,0.999852,0.001571,-0.000459,-0.001580,0.999998,0.702287,-1.045315,0.001867,0.000648,0.000685,-0.002004
actions: 1.0,0.613093,-0.092690,0.563048
actions: 1.0,0.578718,-0.138512,0.622766
state: 0.500000,-0.500000,0.011897,0.999852,0.017141,0.000609,-0.017142,0.999851,0.001670,-0.000580,-0.001680,0.999998,0.720785,-1.037708,-0.002869,-0.001884,-0.003464,-0.002136
actions: 1.0,0.572612,-0.128542,0.599622
actions: 1.0,0.581802,-0.128545,0.613153
state: 0.500000,-0.500000,0.012323,0.999852,0.017195,0.000447,-0.017195,0.999850,0.001760,-0.000417,-0.001768,0.999998,0.706943,-1.054225,-0.002094,-0.002838,-0.000382,0.001354
actions: 1.0,0.582829,-0.143047,0.607367
actions: 1.0,0.578150,-0.146323,0.606923
state: 0.500000,-0.500000,0.012086,0.999851,0.017207,0.000410,-0.017207,0.999850,0.001629,-0.000382,-0.001636,0.999998,0.719060,-1.071433,-0.002429,0.000475,-0.000675,-0.001589
actions: 1.0,0.568284,-0.139158,0.604345
actions: 1.0,0.575184,-0.147911,0.609645
state: 0.500000,-0.500000,0.013251,0.999850,0.017295,0.000399,-0.017296,0.999848,0.001935,-0.000365,-0.001942,0.999998,0.723939,-1.068347,0.002165,-0.001526,-0.001672,-0.001330
actions: 1.0,0.569226,-0.164082,0.603550
actions: 1.0,0.568094,-0.156744,0.598603
state: 0.500000,-0.500000,0.015398,0.999850,0.017310,0.000434,-0.017311,0.999848,0.002062,-0.000398,-0.002069,0.999997,0.736121,-1.084742,0.013419,0.001393,-0.001848,-0.000707
actions: 1.0,0.589645,-0.239294,0.594469
actions: 1.0,0.588032,-0.234414,0.590436
state: 0.500000,-0.500000,0.010461,0.999849,0.017326,0.001135,-0.017328,0.999849,0.001185,-0.001114,-0.001204,0.999998,0.788566,-1.174356,-0.011653,0.003258,-0.000607,0.001818
actions: 1.0,0.586074,-0.186165,0.610573
actions: 1.0,0.555654,-0.046386,0.654165
state: 0.500000,-0.500000,0.011990,0.999849,0.017338,-0.000691,-0.017335,0.999840,0.004309,0.000766,-0.004297,0.999990,0.577303,-0.789664,0.002007,0.001637,0.001698,0.002420
actions: 1.0,0.615815,-0.352451,0.459093
actions: 1.0,0.491094,-0.129539,0.527885
state: 0.500000,-0.500000,0.012101,0.999849,0.017359,0.000210,-0.017360,0.999844,0.002947,-0.000159,-0.002950,0.999995,0.684699,-0.981171,0.003831,-0.003975,-0.000034,-0.005098
actions: 1.0,0.502611,-0.038794,0.617127
actions: 1.0,0.624695,-0.216514,0.628118
state: 0.500000,-0.500000,0.012613,0.999849,0.017331,-0.000256,-0.017330,0.999842,0.003948,0.000324,-0.003943,0.999992,0.625277,-0.867863,-0.001248,0.002578,0.007970,-0.001032
actions: 1.0,0.546967,-0.050739,0.599025
actions: 1.0,0.540239,-0.073751,0.617105
state: 0.500000,-0.500000,0.011638,0.999849,0.017351,-0.000139,-0.017350,0.999842,0.003807,0.000205,-0.003804,0.999992,0.634904,-0.877809,-0.007227,-0.004150,0.006159,-0.003851
actions: 1.0,0.564505,-0.059783,0.621540
actions: 1.0,0.540637,-0.054057,0.618159
state: 0.500000,-0.500000,0.010984,0.999848,0.017424,0.000059,-0.017424,0.999840,0.003971,0.000010,-0.003971,0.999992,0.631674,-0.865554,-0.003555,-0.000526,0.005439,-0.001359
actions: 1.0,0.535504,-0.062310,0.616332
actions: 1.0,0.540159,-0.064604,0.612254
state: 0.500000,-0.500000,0.011575,0.999848,0.017434,0.000105,-0.017435,0.999840,0.003982,-0.000035,-0.003984,0.999992,0.636826,-0.866492,0.002516,0.002064,0.000613,-0.000874
actions: 1.0,0.541953,-0.065477,0.613227
actions: 1.0,0.535788,-0.073030,0.615021
state: 0.500000,-0.500000,0.013740,0.999848,0.017423,0.000252,-0.017423,0.999840,0.003901,-0.000184,-0.003904,0.999992,0.643567,-0.868530,0.011395,-0.002682,0.000361,-0.001302
actions: 1.0,0.550661,-0.072002,0.618354
actions: 1.0,0.548506,-0.075643,0.618137
state: 0.500000,-0.500000,0.012821,0.999848,0.017426,0.000431,-0.017427,0.999840,0.003937,-0.000362,-0.003944,0.999992,0.656951,-0.887021,0.001645,-0.002531,-0.003962,-0.002887
actions: 1.0,0.542937,-0.071790,0.621530
actions: 1.0,0.535546,-0.068809,0.617092
state: 0.500000,-0.500000,0.013613,0.999847,0.017439,0.000414,-0.017440,0.999840,0.003969,-0.000344,-0.003975,0.999992,0.657571,-0.881896,0.005572,0.001750,-0.000009,-0.002952
actions: 1.0,0.539697,-0.076435,0.614484
actions: 1.0,0.548163,-0.078385,0.618578
state: 0.500000,-0.500000,0.012699,0.999847,0.017439,0.000454,-0.017441,0.999840,0.003919,-0.000385,-0.003926,0.999992,0.663554,-0.889642,0.000365,-0.001463,-0.000036,-0.004453
actions: 1.0,0.561190,-0.091508,0.617002
actions: 1.0,0.548501,-0.082186,0.628186
state: 0.500000,-0.500000,0.012202,0.999849,0.017356,0.000572,-0.017358,0.999841,0.003933,-0.000503,-0.003943,0.999992,0.668404,-0.890157,-0.000787,-0.003957,0.003368,-0.003723
actions: 1.0,0.544862,-0.086373,0.618729
actions: 1.0,0.546777,-0.097647,0.620420
